7.8701978,46.3134499,801.80
7.8673525,46.3130989,804.16
7.8644052,46.3131447,804.13
7.8615265,46.3137627,811.17
7.8587441,46.3139114,804.80
7.8559470,46.3137741,804.86
7.8532953,46.3134232,804.81
7.8510365,46.3127022,804.58
7.8489938,46.3121758,804.55
7.8472037,46.3122215,804.80
7.8461409,46.3123589,804.09
7.8455720,46.3124275,803.55
7.8454461,46.3124580,803.48
7.8454356,46.3124580,803.45
7.8454347,46.3124580,803.48
7.8454356,46.3124580,803.53
7.8454375,46.3124580,803.58
7.8454332,46.3124619,803.63
7.8450809,46.3125000,803.84
7.8440289,46.3126259,804.27
7.8420577,46.3126106,804.02
7.7887464,46.3201752,803.97
7.7717352,46.3218269,1306.38
7.7691460,46.3219643,1328.50
7.7667642,46.3220215,1349.66
7.7650599,46.3220062,1342.66
7.7642646,46.3220062,1344.69
7.7642398,46.3220253,1339.41
7.7642307,46.3220177,1339.44
7.7655492,46.3228989,1091.88
7.7655306,46.3229637,1078.81
7.7655082,46.3227158,1079.13
7.7645435,46.3226662,1080.16
7.7627606,46.3225861,1082.22
7.7605095,46.3223953,1085.81
7.7582159,46.3228149,1090.81
7.7559175,46.3235397,1096.50
7.7597275,46.3594513,1093.97
7.7587113,46.3614044,1095.78
7.7567806,46.3634758,1185.91
7.7560048,46.3647652,1252.59
7.7593956,46.3706017,834.27
7.7587109,46.3706512,828.25
7.7578206,46.3719292,691.17
7.7569160,46.3730583,707.16
7.6662040,46.4813690,1242.38
7.6658492,46.4835434,1241.38
7.6659837,46.4857979,1238.28
7.6664376,46.4878616,1239.25
7.6678314,46.4897079,1243.34
7.6696658,46.4913445,1247.69
7.6707144,46.4929199,1250.31
7.6713676,46.4940910,1249.84
7.6715455,46.4949913,1244.88
7.6716537,46.4953079,1240.91
7.6716375,46.4953156,1240.47
7.6716356,46.4953117,1240.34
7.6716452,46.4953117,1240.34
7.6716447,46.4953079,1240.34
7.6710901,46.4951553,1240.22
7.6712251,46.4949760,1240.00
7.6723142,46.4971275,1239.59
7.6730413,46.4986725,1239.28
7.6737280,46.5003357,1239.19
7.6748600,46.5020790,1238.00
7.6756840,46.5040016,1234.00
7.6756258,46.5059547,1226.75
7.6752415,46.5078888,1219.56
7.6762781,46.5097160,1211.91
7.6783876,46.5110779,1203.81
7.6797066,46.5128250,1195.28
7.6814890,46.5142937,1186.25
7.6766396,46.5265999,967.36
7.6759696,46.5248985,967.09
7.6739283,46.5237808,967.05
7.6712337,46.5237961,967.52
7.6693497,46.5251427,968.19
7.6691651,46.5270348,968.08
7.6705494,46.5287857,967.28
7.6714263,46.5305634,965.95
7.6715593,46.5325127,964.58
7.6713810,46.5342407,963.70
7.6689782,46.5415382,983.70
7.6684518,46.5433693,961.47
7.6673455,46.5449867,962.45
7.6653981,46.5460587,963.20
7.6645145,46.5476379,963.09
7.6645737,46.5491753,964.02
7.6644936,46.5506630,964.69
7.6637859,46.5520287,965.38
7.6631942,46.5534134,965.11
7.6634851,46.5549850,964.84
7.6633863,46.5564651,963.27
7.6632013,46.5579491,962.92
7.6628070,46.5594482,963.13
7.6625171,46.5612640,962.19
7.6619697,46.5631027,962.25
7.6617107,46.5650330,961.69
7.6609664,46.5668564,961.05
7.6603312,46.5686989,960.88
7.6593690,46.5704498,962.20
7.6582618,46.5718079,961.77
7.6569629,46.5735092,962.22
7.6550231,46.5748558,966.36
7.6530285,46.5760231,970.70
7.6506948,46.5769730,974.47
7.6496611,46.5786476,976.69
7.6503234,46.5805435,977.61
7.6510963,46.5823708,976.09
7.6514959,46.5842438,974.73
7.6519718,46.5858459,977.81
7.6523762,46.5870857,982.16
7.6526008,46.5877151,986.95
7.6526699,46.5878029,990.38
7.6527033,46.5877953,992.53
7.6527357,46.5877838,992.48
7.6527543,46.5877800,992.34
7.6527500,46.5877800,992.28
7.6527829,46.5877762,992.17
7.6528406,46.5878143,991.98
7.6529603,46.5883865,991.02
7.6531320,46.5896873,989.20
7.6535487,46.5912857,983.58
7.6538730,46.5932503,967.59
7.6545153,46.5953064,943.83
7.6552610,46.5974083,926.36
7.6566944,46.5993195,907.95
7.6591229,46.6009369,890.84
7.6615939,46.6026306,874.03
7.6639967,46.6045151,858.17
7.6664939,46.6063690,842.69
7.6692538,46.6079178,828.27
7.6720424,46.6095734,819.30
7.6741633,46.6115952,810.48
7.6759768,46.6134720,801.55
7.6779857,46.6154976,792.27
7.6805620,46.6168289,780.78
7.6823792,46.6186638,768.02
7.6845632,46.6202583,758.02
7.6874175,46.6210632,752.53
7.6891007,46.6223526,750.33
7.6896882,46.6236763,747.06
7.6898923,46.6245880,746.80
7.6899505,46.6247444,746.64
7.6900010,46.6247559,745.88
7.6899529,46.6247940,746.19
7.6899085,46.6247635,744.58
7.6900482,46.6247597,743.50
7.6902566,46.6251831,741.83
7.6906114,46.6263733,739.27
7.6912336,46.6279678,737.70
7.6918964,46.6298676,735.00
7.6919703,46.6320267,730.05
7.6917882,46.6341209,718.03
7.6917109,46.6358643,708.92
7.6914744,46.6371536,700.17
7.6912026,46.6376152,696.36
7.6912246,46.6375160,696.39
7.6911993,46.6375618,696.55
7.6912241,46.6375885,696.53
7.6910892,46.6378021,696.45
7.6909180,46.6385574,696.73
7.6908379,46.6396790,696.52
7.6908903,46.6409721,702.67
7.6905904,46.6429977,706.84
7.6901078,46.6452293,703.09
7.6891131,46.6473656,700.80
7.6875439,46.6495285,699.47
7.6859145,46.6513443,698.72
7.6832232,46.6526375,702.19
7.6812696,46.6542320,705.88
7.6801839,46.6561584,706.66
7.6788015,46.6579819,702.84
7.6773148,46.6597939,699.17
7.6760254,46.6618614,696.63
7.6744628,46.6639633,692.61
7.6722870,46.6658173,691.95
7.6711645,46.6680412,690.59
7.6703839,46.6702385,690.55
7.6875215,46.6807404,638.81
7.6866922,46.6818314,637.75
7.6858382,46.6826553,640.55
7.6846914,46.6831894,646.00
7.6834388,46.6837883,651.53
7.6823688,46.6844177,658.05
7.6815281,46.6849442,665.14
7.6809969,46.6853142,672.91
7.6807528,46.6854134,679.11
7.6807427,46.6854134,681.58
7.6807208,46.6854095,681.77
7.6806998,46.6854095,681.86
7.6806688,46.6854095,681.72
7.6806436,46.6854095,681.69
7.6806111,46.6854134,681.59
7.6805730,46.6854172,681.23
7.6805325,46.6854172,681.08
7.6805172,46.6854172,680.84
7.6805067,46.6854172,680.59
7.6805530,46.6854134,680.48
7.6805611,46.6854134,680.41
7.6805472,46.6854210,680.19
7.6805348,46.6854210,679.80
7.6805024,46.6854248,679.61
7.6804757,46.6854286,679.52
7.6804338,46.6854324,679.45
7.6803594,46.6854515,679.36
7.6803236,46.6854630,679.22
7.6802673,46.6854706,679.09
7.6802521,46.6854706,678.92
7.6802297,46.6854668,678.72
7.6802063,46.6854668,678.52
7.6802096,46.6854668,678.39
7.6802149,46.6854439,677.08
7.6802001,46.6854553,673.28
7.6802425,46.6854706,672.13
7.6802998,46.6854515,672.09
7.6803598,46.6854477,666.77
7.6804843,46.6854095,661.63
7.6805277,46.6853752,660.53
7.6804056,46.6853752,659.28
7.6803994,46.6853676,655.41
7.6802983,46.6853752,651.03
7.6801252,46.6853828,647.22
7.6801744,46.6854439,647.19
7.6801920,46.6855202,645.41
7.6803150,46.6857338,644.75
7.6805210,46.6861267,641.61
7.6804171,46.6859703,639.39
7.6803575,46.6859436,638.70
7.6802292,46.6859360,638.88
7.6803484,46.6858215,644.88
7.6803718,46.6856956,645.78
7.6803370,46.6856537,642.70
7.6803389,46.6856842,641.94
7.6803203,46.6856995,642.14
7.6800685,46.6857071,641.73
7.6800265,46.6857376,641.80
7.6800003,46.6857224,642.06
7.6800866,46.6856575,642.56
7.6800957,46.6856613,642.70
7.6794519,46.6861534,642.67
7.6786771,46.6868515,641.67
7.6781487,46.6875458,643.17
7.6775775,46.6880379,649.03
7.6760101,46.6887321,648.86
7.6737614,46.6894760,645.00
7.6713891,46.6897163,636.59
7.6693158,46.6896935,630.06
7.6672273,46.6900330,626.80
7.6652761,46.6908531,623.14
7.6637578,46.6928596,622.41
7.6628780,46.6949883,619.70
7.6606517,46.6966629,618.19
7.6576285,46.6985359,617.03
7.6548800,46.7004166,615.81
7.6526141,46.7020264,615.48
7.6512380,46.7045441,613.31
7.6496749,46.7064781,612.64
7.6469145,46.7083168,612.28
7.6210861,46.7284355,611.48
7.6216779,46.7309494,608.25
7.6224575,46.7329369,609.63
7.6233082,46.7353821,609.47
7.6239510,46.7378120,609.44
7.6244764,46.7400284,608.72
7.6251698,46.7418175,601.30
7.6260529,46.7435760,593.55
7.6277499,46.7451553,594.20
7.6297455,46.7462959,599.03
7.6314783,46.7473564,600.11
7.6328607,46.7483330,594.77
7.6332750,46.7497406,579.58
7.6326923,46.7510948,568.25
7.6320176,46.7523270,559.14
7.6313143,46.7532120,554.13
7.6307812,46.7537155,548.95
7.6306515,46.7538147,549.06
7.6306572,46.7538185,549.03
7.6306701,46.7538185,548.97
7.6306505,46.7538185,548.95
7.6305947,46.7538414,549.00
7.6305881,46.7538414,549.08
7.6305885,46.7538452,549.11
7.6302104,46.7541542,549.81
7.6291304,46.7549782,550.83
7.6275983,46.7560616,551.56
7.6261616,46.7571182,552.56
7.6247683,46.7582321,553.17
7.6231160,46.7592201,552.92
7.6213355,46.7600708,552.86
7.6195083,46.7607689,553.89
7.6172481,46.7607460,554.55
7.6149421,46.7608910,555.52
7.6127844,46.7621307,556.30
7.6107593,46.7638588,556.13
7.6084042,46.7658005,557.06
7.6056666,46.7679710,558.19
7.6027818,46.7702522,558.69
7.5997744,46.7725983,558.94
7.5966415,46.7751465,557.08
7.5932455,46.7778587,554.66
7.5898614,46.7806854,553.77
7.5870700,46.7836571,553.09
7.5851359,46.7867851,551.58
7.5839734,46.7901001,552.25
7.5830631,46.7935104,555.89
7.5820293,46.7969398,558.02
7.5809665,46.8003578,555.59
7.5799975,46.8037605,556.67
7.5790348,46.8072548,557.56
7.5779710,46.8109169,562.02
7.5768342,46.8146591,565.23
7.5756059,46.8185158,564.59
7.5745277,46.8222885,555.45
7.5734148,46.8261261,549.47
7.5722923,46.8298874,545.80
7.5712037,46.8336105,542.00
7.5700698,46.8372955,529.89
7.5689077,46.8413048,521.66
7.5678468,46.8449020,521.08
7.5667868,46.8484764,521.00
7.5656633,46.8519669,519.52
7.5646801,46.8554077,520.39
7.5636687,46.8588066,517.23
7.5626249,46.8622131,513.20
7.5616431,46.8654709,513.06
7.5608902,46.8681412,515.08
7.5603824,46.8699646,519.69
7.5600333,46.8711700,518.83
7.5597510,46.8720398,520.81
7.5595703,46.8726158,518.91
7.5595188,46.8728065,517.31
7.5595808,46.8728333,516.56
7.5595894,46.8728065,516.52
7.5595994,46.8727798,516.52
7.5596018,46.8727722,516.52
7.5596056,46.8727570,516.50
7.5594707,46.8730888,517.19
7.5593061,46.8738365,517.86
7.5592003,46.8745155,517.61
7.5592399,46.8751488,518.56
7.5590730,46.8760414,513.94
7.5584393,46.8779907,511.48
7.5581603,46.8798294,509.02
7.5574880,46.8820724,509.91
7.5564704,46.8844185,510.41
7.5545340,46.8870621,510.23
7.5517802,46.8897514,510.80
7.5496688,46.8923149,511.57
7.5478864,46.8953209,514.84
7.5461330,46.8983574,517.75
7.5443659,46.9014816,530.03
7.5426016,46.9045944,542.33
7.5407290,46.9078026,551.83
7.5388327,46.9110489,553.98
7.5367084,46.9142876,556.92
7.5336919,46.9172668,556.77
7.5304308,46.9202271,557.05
7.5265226,46.9227257,559.20
7.5224247,46.9249916,559.53
7.5182767,46.9271698,559.86
7.5143251,46.9293327,558.86
7.5103922,46.9315262,557.27
7.5065866,46.9336700,555.81
7.5028701,46.9358025,551.78
7.4991751,46.9379082,543.95
7.4953275,46.9400215,539.36
7.4920497,46.9422493,539.81
7.4897690,46.9445038,542.47
7.4877491,46.9465714,546.02
7.4857297,46.9486313,550.59
7.4837832,46.9506416,555.30
7.4824710,46.9529572,555.77
7.4820180,46.9553337,553.36
7.4813924,46.9577866,549.17
7.4807339,46.9602509,547.20
7.4791188,46.9624901,550.80
7.4766827,46.9641266,556.45
7.4733677,46.9652061,561.88
7.4700527,46.9660721,562.05
7.4664459,46.9668083,562.38
7.4627514,46.9670181,561.09
7.4592795,46.9662933,559.91
7.4558921,46.9655228,559.19
7.4526482,46.9646721,558.11
7.4493127,46.9637489,557.22
7.4462304,46.9623718,555.97
7.4440365,46.9603691,553.66
7.4428573,46.9583130,554.25
7.4427710,46.9565697,556.44
7.4424639,46.9553604,559.80
7.4419217,46.9544830,564.91
7.4414287,46.9535789,566.30
7.4410920,46.9527588,569.69
7.4405899,46.9519081,570.53
7.4402156,46.9511032,566.67
7.4403410,46.9504128,567.14
8.5163755,47.3693352,101.11
8.5163126,47.3694077,104.59
8.5162802,47.3694649,105.43
8.5162849,47.3694000,105.12
8.5161095,47.3695221,107.03
8.5161104,47.3695221,106.89
8.5160522,47.3695030,102.29
8.5161982,47.3694229,102.18
8.5161457,47.3694115,102.21
8.5160227,47.3694382,102.27
8.5160580,47.3693352,102.52
8.5159101,47.3692703,104.69
8.5159588,47.3692017,105.43
8.5160418,47.3691788,105.72
8.5161152,47.3691750,106.03
8.5161362,47.3692513,106.32
8.5162849,47.3691978,106.44
8.5163536,47.3694725,107.93
8.5169954,47.3697891,104.97
8.5176563,47.3699379,102.73
8.5187502,47.3703079,97.38
8.5191050,47.3707657,93.41
8.5194130,47.3709145,96.86
8.5194483,47.3708878,98.74
8.5198355,47.3709679,98.05
8.5205984,47.3709717,98.97
8.5213289,47.3707962,97.63
8.5209627,47.3709183,99.02
8.5217113,47.3718567,100.81
8.5219707,47.3719597,100.25
8.5226460,47.3725243,110.29
8.5229864,47.3727875,112.13
8.5234241,47.3725853,112.56
8.5243740,47.3730583,111.84
8.5246906,47.3732758,112.26
8.5260735,47.3731346,111.01
8.5260296,47.3731308,110.89
8.5259819,47.3731613,111.36
8.5261545,47.3731461,117.56
8.5263090,47.3730888,120.93
8.5263033,47.3730049,120.46
8.5262089,47.3729820,118.36
8.5264568,47.3728943,107.11
8.5268240,47.3729210,107.29
8.5313158,47.3730850,118.82
8.5328274,47.3740196,128.56
8.5336704,47.3744431,136.79
8.5337019,47.3744850,143.41
8.5341644,47.3745995,152.63
8.5344973,47.3754997,150.63
8.5352259,47.3763733,154.49
8.5359449,47.3769035,159.37
8.5361404,47.3772316,163.46
8.5361872,47.3773079,165.02
8.5359936,47.3773994,164.83
8.5362511,47.3775139,181.06
8.5362549,47.3775635,194.76
8.5364084,47.3775787,200.96
8.5364943,47.3776779,204.43
8.5366526,47.3777351,208.40
8.5367708,47.3778496,209.64
8.5368090,47.3779602,212.06
8.5369129,47.3780289,215.74
8.5370035,47.3781242,217.48
8.5371227,47.3782196,219.49
8.5372257,47.3782730,222.14
8.5372763,47.3783913,223.54
8.5373344,47.3785095,224.39
8.5374060,47.3785858,228.88
8.5373755,47.3784904,232.73
8.5373020,47.3786316,248.15
8.5373449,47.3786469,251.47
8.5373421,47.3786964,260.24
8.5373354,47.3787041,262.20
8.5373030,47.3786774,261.98
8.5372992,47.3786774,261.59
8.5364771,47.3787842,367.91
8.5363913,47.3787270,376.24
8.5363474,47.3786812,389.48
8.5363607,47.3787041,391.41
8.5363569,47.3786964,391.78
8.5363178,47.3786926,396.13
8.5362625,47.3787155,403.38
8.5362253,47.3787155,403.48
8.5361567,47.3787231,403.73
8.5359812,47.3787041,403.88
8.5356483,47.3787804,404.22
8.5356503,47.3789139,405.31
8.5358410,47.3788834,405.60
8.5360794,47.3788109,405.16
8.5360680,47.3788719,404.21
8.5322504,47.3785858,597.03
8.5317259,47.3799896,412.77
8.5310011,47.3803291,412.49
8.5300722,47.3805656,412.38
8.5291643,47.3808403,411.62
8.5280790,47.3811378,410.45
8.5270023,47.3814316,409.37
8.5253391,47.3814240,404.86
8.5234785,47.3813095,401.29
8.5210590,47.3800392,404.16
8.5196600,47.3783417,403.84
8.5186052,47.3767471,404.80
8.5183964,47.3752670,404.52
8.5737257,47.2872620,483.09
8.5745668,47.2851753,479.10
8.5748491,47.2829132,470.54
8.5752983,47.2806702,463.08
8.5764265,47.2784920,460.47
8.5783434,47.2764130,462.16
8.5790262,47.2740936,465.63
8.5789328,47.2717438,468.29
8.5791006,47.2694511,471.59
8.5805340,47.2672882,474.87
8.5822916,47.2653503,476.91
8.5845814,47.2638359,482.44
8.5861969,47.2620163,488.80
8.5876904,47.2603569,494.75
8.5895348,47.2589912,497.14
8.5913458,47.2576180,496.06
8.5930367,47.2561722,496.72
8.5347776,47.2081108,491.21
8.5316505,47.2070427,494.33
8.5285969,47.2060165,493.04
8.5264225,47.2046661,486.70
8.5258284,47.2026367,468.12
8.5271111,47.2005653,463.74
8.5277214,47.1985741,454.01
8.5259476,47.1966248,449.88
8.5230827,47.1953735,445.51
8.5195541,47.1940041,435.16
8.5180855,47.1919975,429.41
8.5176268,47.1896477,438.70
8.5167551,47.1872597,451.52
8.5166388,47.1850853,461.21
8.5166187,47.1828804,466.48
8.5166130,47.1808014,470.66
8.5164280,47.1789017,471.54
8.5161572,47.1772842,473.84
8.5159245,47.1758881,481.46
8.5158339,47.1747055,481.05
8.5155001,47.1738586,482.80
8.5147943,47.1731415,476.83
8.5143785,47.1729507,469.91
8.5142756,47.1729240,469.35
8.5140038,47.1728783,472.63
8.5139341,47.1728706,474.51
8.5138397,47.1728172,480.80
8.5138121,47.1729279,487.16
8.5137291,47.1729050,486.59
8.5139551,47.1728935,485.29
8.5140629,47.1728401,484.72
8.5139580,47.1726952,488.03
8.5139093,47.1726608,490.17
8.5139771,47.1727638,492.36
8.5141182,47.1729393,494.06
8.5141973,47.1730804,496.27
8.5141964,47.1731720,482.41
8.5135984,47.1728706,480.92
8.5128193,47.1727333,458.84
8.5116110,47.1726341,452.61
8.5099583,47.1729012,448.98
8.5080605,47.1734657,448.74
8.5061131,47.1740265,450.98
8.5042162,47.1746788,452.98
8.5018311,47.1754379,456.99
8.4989786,47.1763191,461.29
8.4957561,47.1773796,466.98
8.4926186,47.1788216,457.00
8.4889479,47.1800232,451.55
8.4811621,47.1819992,459.09
8.4760885,47.1825676,462.98
8.4715614,47.1822243,460.56
8.4678164,47.1812210,438.27
8.4638186,47.1802330,426.54
8.4598551,47.1794777,430.73
8.4561701,47.1779633,431.49
8.4526033,47.1762543,428.77
8.4502201,47.1738739,427.25
8.4494076,47.1711044,424.43
8.4496355,47.1684570,422.13
8.4501925,47.1655502,419.30
8.4505081,47.1629982,419.95
8.4507723,47.1605186,420.10
8.4510441,47.1581421,419.48
8.4513645,47.1557961,418.61
8.4517975,47.1535072,423.18
8.4521389,47.1512718,423.19
8.4522533,47.1490517,418.86
8.4506998,47.1470451,416.40
8.4478712,47.1459084,413.66
8.4446049,47.1453018,413.35
8.4415216,47.1446457,417.95
8.4387140,47.1437798,423.63
8.4357796,47.1430550,428.37
8.4327078,47.1423798,430.98
8.4295673,47.1417427,430.92
8.4261694,47.1412201,432.59
8.4225245,47.1404724,435.05
8.4189262,47.1393967,437.32
8.4157076,47.1374931,435.56
8.4122066,47.1358109,431.71
8.4079237,47.1349335,429.51
8.4038420,47.1335869,425.70
8.4007587,47.1312981,419.93
8.3993845,47.1283607,415.73
8.3980112,47.1253929,415.04
8.3960295,47.1225548,414.64
8.3934517,47.1199989,417.81
8.3909283,47.1173782,420.13
8.3883944,47.1147537,428.37
8.3855057,47.1123848,436.07
8.3822422,47.1102409,444.13
8.3789816,47.1081314,448.95
8.3758020,47.1060486,451.77
8.3726397,47.1040077,456.55
8.3694620,47.1020470,460.17
8.3664169,47.1000633,461.62
8.3633871,47.0981026,462.67
8.3605747,47.0960960,465.73
8.3576260,47.0942154,467.47
8.3547363,47.0921974,464.23
8.3523235,47.0899353,451.73
8.3501778,47.0875244,440.71
8.3469381,47.0859489,433.28
8.3436413,47.0846062,421.45
8.3407898,47.0831680,412.96
8.3382902,47.0816193,405.56
8.3359051,47.0800552,402.54
8.3329248,47.0788994,405.01
8.3298969,47.0780754,407.26
8.3272943,47.0767517,406.33
8.3245411,47.0756378,403.74
8.3216772,47.0746536,401.10
8.3186607,47.0735054,398.04
8.3159122,47.0721626,391.28
8.3132439,47.0708427,389.20
8.3108006,47.0694351,391.35
8.3080673,47.0682526,395.83
8.3053722,47.0669746,403.09
8.3024559,47.0659523,410.34
8.2998781,47.0647507,415.12
8.2969170,47.0639992,415.45
8.2946720,47.0627251,414.63
8.2923727,47.0615616,413.15
8.2895861,47.0610924,413.19
8.2862883,47.0590210,400.76
8.2867050,47.0572052,425.98
8.2878609,47.0556221,426.50
8.2901669,47.0547256,427.91
8.2925501,47.0543785,429.60
8.2969980,47.0521965,447.50
8.3102999,47.0498848,479.88
8.3101702,47.0499115,478.98
8.3102074,47.0499916,466.82
8.3103714,47.0502319,441.62
8.3105011,47.0503159,436.57
8.3105497,47.0502815,434.34
8.3106041,47.0500374,430.76
8.3107929,47.0498238,428.11
8.3107452,47.0496788,431.64
8.3107424,47.0495224,435.72
8.3107843,47.0493813,432.26
8.3107538,47.0492477,431.46
8.3106861,47.0491028,427.17
8.3106937,47.0490265,425.66
8.3106756,47.0489769,426.45
8.3107224,47.0489769,427.29
8.3107347,47.0489960,427.61
8.3107224,47.0490456,428.15
8.3107262,47.0490456,428.19
8.3106461,47.0490150,428.41
8.3106651,47.0489883,429.48
8.3106918,47.0489883,429.89
8.3108091,47.0491142,429.26
8.2976713,47.0325432,438.84
8.2983875,47.0305481,446.62
8.3002319,47.0290031,457.21
8.3019180,47.0274200,464.16
8.3030624,47.0256271,470.55
8.3041410,47.0238609,474.58
8.3051691,47.0220604,475.34
8.3061838,47.0201988,477.53
8.3066492,47.0183029,483.73
8.3070002,47.0164337,493.32
8.3071289,47.0144386,499.88
8.3068066,47.0124054,502.95
8.3065023,47.0103798,508.30
8.3059950,47.0085068,513.73
8.3054543,47.0066147,514.53
8.3066034,47.0049019,509.18
8.2802258,46.9579506,433.44
8.2783566,46.9563484,429.02
8.2776423,46.9544601,427.39
8.2771559,46.9525032,429.32
8.2766008,46.9505653,432.59
8.2760401,46.9485970,437.91
8.2757025,46.9466286,445.29
8.2763071,46.9449921,452.71
8.2773046,46.9436188,459.95
8.2773056,46.9423523,464.84
8.2764215,46.9414940,468.66
8.2757607,46.9409027,472.47
8.2751770,46.9404678,476.41
8.2749195,46.9402466,481.97
8.2749214,46.9402313,483.51
8.2749825,46.9402542,484.43
8.2750025,46.9402847,484.90
8.2750015,46.9402885,484.91
8.2749090,46.9401588,483.86
8.2747030,46.9397087,481.48
8.2746325,46.9390259,480.45
8.2745991,46.9381065,478.50
8.2743483,46.9370384,476.59
8.2739267,46.9357452,475.34
8.2740583,46.9342384,474.21
8.2740068,46.9325447,474.38
8.2733383,46.9307480,473.70
8.2732458,46.9287872,476.02
8.2734985,46.9268417,479.94
8.2733116,46.9248390,482.63
8.2723217,46.9228668,485.38
8.2708645,46.9211731,487.38
8.2693710,46.9195290,490.72
8.2679081,46.9178085,493.71
8.2664862,46.9160500,496.55
8.2658176,46.9141541,498.33
8.2644835,46.9124985,499.87
8.2622137,46.9113770,499.20
8.2601881,46.9099121,495.14
8.2582369,46.9084435,483.99
8.2563591,46.9070282,481.20
8.2544622,46.9055672,484.49
8.2526035,46.9040413,485.70
8.2507172,46.9025192,486.79
8.2493687,46.9008369,488.23
8.2484951,46.8991203,487.95
8.2480011,46.8976440,487.00
8.2478285,46.8963623,489.68
8.2477016,46.8954544,490.30
8.2476101,46.8946152,490.64
8.2475643,46.8940277,489.68
8.2475100,46.8938980,489.91
8.2474718,46.8938942,490.17
8.2474728,46.8938942,490.20
8.2474737,46.8938942,490.19
8.2474756,46.8938942,490.15
8.2474775,46.8938942,490.10
8.2474804,46.8938942,490.05
8.2474823,46.8938942,490.00
8.2474861,46.8938942,489.98
8.2474890,46.8938942,489.94
8.2475071,46.8938904,489.59
8.2475166,46.8938789,488.72
8.2475195,46.8938713,487.41
8.2475176,46.8938751,485.67
8.2475195,46.8938789,483.30
8.2475195,46.8938675,480.62
8.2474546,46.8935623,479.44
8.2473831,46.8929596,479.73
8.2472715,46.8920822,480.03
8.2471209,46.8908882,482.48
8.2468252,46.8894577,483.31
8.2463169,46.8878136,483.09
8.2457094,46.8859520,484.76
8.2450266,46.8839951,486.95
8.2444124,46.8821030,486.33
8.2438402,46.8804092,484.86
8.2426090,46.8791275,483.39
8.2420063,46.8776436,481.40
8.2419634,46.8760185,481.39
8.2416468,46.8744202,480.01
8.2412195,46.8728828,480.29
8.2397757,46.8717842,481.16
8.2380333,46.8709717,481.95
8.2363119,46.8701324,482.48
8.2349701,46.8689003,482.19
8.2333803,46.8677521,480.87
8.2314577,46.8669090,477.96
8.2291317,46.8667984,478.16
8.2271128,46.8660698,475.13
8.2255917,46.8647652,476.13
8.2237930,46.8635521,477.59
8.2222929,46.8621368,478.31
8.2201805,46.8613014,478.20
8.2180662,46.8603821,478.31
8.2164249,46.8589973,477.95
8.2147799,46.8576469,478.09
8.2135315,46.8562164,478.67
8.2130270,46.8546638,479.70
8.2124481,46.8531723,478.27
8.2110920,46.8519096,477.90
8.2094793,46.8507385,478.16
8.2085352,46.8492966,477.77
8.2070570,46.8480034,478.65
8.2054853,46.8467102,479.58
8.2037792,46.8456154,480.78
8.2017851,46.8448181,481.04
8.1996174,46.8439636,481.45
8.1975212,46.8429451,483.04
8.1951742,46.8422699,484.88
8.1930103,46.8419228,487.20
8.1912441,46.8416710,490.04
8.1897717,46.8411560,491.23
8.1888447,46.8401375,492.08
8.1881733,46.8390656,493.56
8.1876640,46.8381195,495.42
8.1871738,46.8373985,495.94
8.1867685,46.8368912,498.46
8.1865511,46.8365746,500.00
8.1864405,46.8364105,499.45
8.1863899,46.8362541,498.26
8.1863699,46.8362045,497.46
8.1863661,46.8362045,497.49
8.1863594,46.8362007,497.47
8.1863565,46.8361969,497.41
8.1863585,46.8361931,497.16
8.1863585,46.8361931,497.05
8.1863594,46.8361931,496.92
8.1863594,46.8361931,496.82
8.1863594,46.8361931,496.83
8.1863594,46.8361931,496.77
8.1863604,46.8361931,496.69
8.1863594,46.8361931,496.70
8.1863594,46.8361931,496.76
8.1863604,46.8361893,496.72
8.1863613,46.8361893,496.84
8.1863594,46.8361893,496.89
8.1863461,46.8361855,496.82
8.1863298,46.8361778,496.83
8.1863317,46.8361664,497.13
8.1863194,46.8361702,497.47
8.1862926,46.8361740,497.00
8.1862507,46.8361778,496.43
8.1861172,46.8360252,495.77
8.1859293,46.8358459,496.41
8.1857243,46.8355942,498.12
8.1855555,46.8353729,502.03
8.1854582,46.8351898,497.67
8.1853752,46.8349648,497.80
8.1852951,46.8346634,497.34
8.1851759,46.8342934,498.43
8.1850595,46.8338737,501.63
8.1850090,46.8333969,504.96
8.1850042,46.8328171,508.93
8.1854172,46.8322411,516.31
8.1860952,46.8316345,520.69
8.1865358,46.8308868,528.69
8.1871872,46.8301811,538.78
8.1873760,46.8293190,548.98
8.1867046,46.8284950,562.02
8.1861048,46.8276100,572.20
8.1854544,46.8267517,583.19
8.1849375,46.8258820,594.70
8.1848660,46.8249550,607.25
8.1844282,46.8240242,616.52
8.1839209,46.8231354,623.84
8.1832542,46.8222618,631.89
8.1823282,46.8215103,641.53
8.1815920,46.8206444,649.59
8.1804953,46.8200302,658.73
8.1796055,46.8192635,667.95
8.1783857,46.8187866,675.52
8.1771383,46.8183441,681.45
8.1764898,46.8174896,689.39
8.1756487,46.8168983,695.61
8.1750965,46.8163300,701.36
8.1747570,46.8156624,708.36
8.1749620,46.8151169,715.92
8.1752443,46.8146973,722.23
8.1754389,46.8142853,727.78
8.1755352,46.8140030,730.75
8.1755905,46.8138428,733.69
8.1756001,46.8138313,736.64
8.1755886,46.8138275,739.02
8.1755762,46.8138313,741.34
8.1755600,46.8138618,743.66
8.1755352,46.8138847,745.95
8.1755180,46.8138924,748.17
8.1755171,46.8138885,750.25
8.1755104,46.8138962,752.11
8.1755066,46.8139038,753.61
8.1755075,46.8139076,754.86
8.1755266,46.8138466,755.08
8.1755695,46.8132896,745.09
8.1756487,46.8126068,737.05
8.1759119,46.8118248,731.41
8.1758394,46.8108597,727.53
8.1750898,46.8098450,723.14
8.1740589,46.8091698,717.20
8.1727104,46.8086319,710.92
8.1716776,46.8078270,706.00
8.1710482,46.8069115,703.52
8.1704025,46.8060913,699.25
8.1699295,46.8051682,696.59
8.1699753,46.8041000,697.83
8.1706352,46.8031235,698.83
8.1708212,46.8020515,704.44
8.1704140,46.8010101,705.78
8.1692162,46.8003387,706.94
8.1677742,46.7999115,712.33
8.1664181,46.7993736,714.03
8.1651535,46.7986870,714.77
8.1644592,46.7977257,718.30
8.1651192,46.7967224,720.61
8.1657257,46.7957764,724.83
8.1656046,46.7946854,728.77
8.1653233,46.7936516,733.55
8.1657238,46.7926216,735.23
8.1653919,46.7916298,739.16
8.1651983,46.7906036,743.22
8.1654482,46.7895660,745.41
8.1646957,46.7886429,751.58
8.1640368,46.7879219,751.95
8.1638861,46.7872162,756.52
8.1637888,46.7867737,763.61
8.1637611,46.7865143,771.11
8.1636934,46.7863274,775.98
8.1636486,46.7861938,776.63
8.1636467,46.7861900,777.30
8.1636477,46.7861900,777.41
8.1636477,46.7861900,777.41
8.1636477,46.7861900,777.45
8.1636477,46.7861938,777.48
8.1636467,46.7861938,777.59
8.1636477,46.7861938,777.59
8.1636477,46.7861938,777.66
8.1636477,46.7861938,777.64
8.1636438,46.7861862,777.58
8.1635418,46.7859268,774.38
8.1634264,46.7856941,768.77
8.1634207,46.7854958,765.80
8.1634912,46.7851982,766.44
8.1636438,46.7848663,769.91
8.1637878,46.7845001,774.17
8.1639748,46.7840347,778.22
8.1642323,46.7834435,788.97
8.1644993,46.7827148,796.27
8.1647463,46.7818871,807.33
8.1650286,46.7809410,816.78
8.1650534,46.7799454,816.33
8.1644983,46.7792358,816.63
8.1638794,46.7786179,816.59
8.1626844,46.7781982,816.56
8.1616716,46.7773819,813.83
8.1607037,46.7766075,817.17
8.1595993,46.7759438,831.61
8.1583366,46.7755089,850.33
8.1571293,46.7750664,867.02
8.1563377,46.7747002,875.30
8.1550217,46.7735901,893.63
8.1546412,46.7728462,881.59
8.1543417,46.7719460,883.66
8.1546574,46.7710037,887.06
8.1545305,46.7698708,893.69
8.1534023,46.7690315,898.72
8.1524429,46.7681847,902.00
8.1510773,46.7676773,902.34
8.1500301,46.7670593,907.73
8.1497955,46.7663078,917.92
8.1494179,46.7655830,917.39
8.1489563,46.7652740,918.81
8.1487169,46.7651634,916.64
8.1484194,46.7650490,916.13
8.1480389,46.7647629,911.11
8.1477432,46.7644463,911.02
8.1476078,46.7640343,910.52
8.1475191,46.7635918,911.89
8.1475525,46.7630310,913.77
8.1475296,46.7622719,919.47
8.1471910,46.7614059,923.88
8.1469851,46.7605171,932.25
8.1461535,46.7598915,945.08
8.1447830,46.7599335,958.88
8.1434975,46.7597389,970.28
8.1423807,46.7594147,979.80
8.1416121,46.7586784,992.55
8.1405334,46.7582626,1005.02
8.1397448,46.7581139,1014.81
8.1391659,46.7580032,1021.16
8.1386003,46.7579041,1030.50
8.1381359,46.7576027,1030.38
8.1376543,46.7573929,1013.17
8.1374922,46.7572632,1008.34
8.1374760,46.7572517,1006.92
8.1374750,46.7572517,1006.66
8.1374722,46.7572479,1006.64
8.1374702,46.7572479,1006.56
8.1374598,46.7572403,1006.64
8.1373672,46.7571373,1008.84
8.1372137,46.7570114,1010.39
8.1369810,46.7568054,1007.30
8.1368437,46.7566910,1003.94
8.1365433,46.7565346,1001.70
8.1363449,46.7562065,999.61
8.1364031,46.7556305,1003.09
8.1366835,46.7552299,1008.02
8.1372128,46.7547798,1002.61
8.1377516,46.7543221,993.63
8.1384163,46.7539482,988.41
8.1390095,46.7535515,981.39
8.1395321,46.7531052,973.94
8.1401186,46.7526970,967.22
8.1406336,46.7522812,961.23
8.1412659,46.7518616,954.44
8.1418104,46.7514381,947.91
8.1424131,46.7510376,938.50
8.1430607,46.7507439,932.84
8.1438656,46.7505455,932.59
8.1445723,46.7503738,918.03
8.1453276,46.7502785,909.91
8.1461515,46.7501640,902.53
8.1469650,46.7499886,892.70
8.1477051,46.7497635,888.39
8.1485291,46.7495842,877.64
8.1492929,46.7493477,871.14
8.1500254,46.7491035,865.88
8.1506519,46.7487106,863.91
8.1512051,46.7483826,861.92
8.1520596,46.7482681,854.11
8.1528482,46.7481766,847.53
8.1536245,46.7480316,840.56
8.1544628,46.7477722,840.95
8.1550913,46.7473640,834.39
8.1554556,46.7468987,826.88
8.1559591,46.7464867,820.84
8.1565819,46.7461815,813.64
8.1570759,46.7458534,805.11
8.1574621,46.7453842,803.34
8.1580944,46.7450829,796.69
8.1587954,46.7448921,789.70
8.1594810,46.7446709,779.03
8.1598358,46.7442245,770.53
8.1603222,46.7438393,759.23
8.1609592,46.7435722,755.73
8.1616936,46.7433243,752.17
8.1623325,46.7429962,744.97
8.1629934,46.7427254,736.11
8.1636982,46.7425537,730.55
8.1642904,46.7422333,722.16
8.1649294,46.7419281,718.13
8.1654987,46.7416000,708.73
8.1661892,46.7414017,702.70
8.1668568,46.7411079,695.83
8.1675720,46.7408447,686.48
8.1682043,46.7404747,675.66
8.1686468,46.7399902,669.08
8.1690369,46.7395172,663.03
8.1695786,46.7391624,653.17
8.1701050,46.7387047,645.88
8.1704350,46.7382545,637.05
8.1707687,46.7378120,628.91
8.1713047,46.7374077,622.45
8.1717367,46.7370110,616.06
8.1720438,46.7365608,610.52
8.1722994,46.7360420,604.22
8.1726055,46.7354965,607.89
8.1730337,46.7350159,609.77
8.1735010,46.7344627,610.97
8.1740723,46.7337723,619.63
8.1746225,46.7328987,607.22
8.1753082,46.7316704,608.75
8.1760902,46.7304344,615.31
8.1767645,46.7293205,615.81
8.1777105,46.7285042,611.77
8.1790295,46.7282104,610.38
8.1801519,46.7279243,608.83
8.1811800,46.7277260,605.70
8.1819878,46.7275620,605.14
8.1827765,46.7274437,603.92
8.1835566,46.7273750,600.36
8.1840677,46.7273216,597.73
8.1843157,46.7272949,595.48
8.1843882,46.7272758,591.89
8.1844015,46.7272491,589.83
8.1844044,46.7272224,588.00
8.1844110,46.7272415,586.67
8.1844454,46.7272720,586.66
8.1844645,46.7272949,587.50
8.1844721,46.7273026,589.09
8.1844950,46.7273064,590.52
8.1845303,46.7272911,591.75
8.1845608,46.7272644,593.00
8.1845837,46.7272301,594.34
8.1845884,46.7271996,595.89
8.1845846,46.7271690,597.52
8.1845856,46.7271271,599.23
8.1845961,46.7270966,600.72
8.1845961,46.7270851,602.16
8.1845856,46.7270889,603.55
8.1845808,46.7270966,604.75
8.1845942,46.7271080,605.95
8.1846037,46.7271194,607.16
8.1846371,46.7271385,608.36
8.1846743,46.7271729,609.55
8.1846991,46.7272263,610.72
8.1847000,46.7272606,611.86
8.1846609,46.7272530,612.97
8.1846457,46.7272758,614.11
8.1846476,46.7272911,615.27
8.1846514,46.7272835,616.41
8.1846523,46.7272720,617.56
8.1846676,46.7272530,618.73
8.1846485,46.7271843,619.98
8.1846409,46.7271881,621.23
8.1846399,46.7271881,622.41
8.1846371,46.7272034,623.58
8.1846399,46.7272644,624.66
8.1846380,46.7272873,625.84
8.1846714,46.7272987,627.06
8.1846809,46.7273102,628.14
8.1846924,46.7273178,629.30
8.1847000,46.7273293,630.44
8.1847019,46.7273445,631.58
8.1846857,46.7273598,632.61
8.1846647,46.7273560,633.55
8.1846237,46.7272987,633.64
8.1845608,46.7271652,628.89
8.1845846,46.7271957,626.20
8.1845865,46.7272072,625.92
8.1844673,46.7272263,621.66
8.1839476,46.7273293,618.64
8.1829243,46.7275429,615.94
8.1815510,46.7277489,614.23
8.1803598,46.7279968,613.42
8.1791973,46.7282143,612.58
8.1778784,46.7284698,613.44
8.1761789,46.7287674,616.02
8.1741009,46.7291756,620.61
8.1716595,46.7296562,629.72
8.1691256,46.7302742,640.42
8.1666193,46.7310181,652.11
8.1642437,46.7319756,659.28
8.1622601,46.7331886,663.11
8.1602354,46.7343826,666.06
8.1582355,46.7355156,669.75
8.1561880,46.7366753,669.94
8.1541233,46.7379074,669.42
8.1520472,46.7391014,665.00
8.1499300,46.7400818,651.25
8.1476192,46.7411270,611.66
8.1452799,46.7421150,602.31
8.1428499,46.7429619,602.30
8.1403008,46.7435760,602.70
8.1376495,46.7439499,601.14
8.1349754,46.7441978,605.20
8.1323357,46.7443085,611.86
8.1297112,46.7445335,618.28
8.1270380,46.7446098,625.95
8.1242895,46.7451057,628.53
8.1215868,46.7453728,627.83
8.1188498,46.7455444,622.92
8.1160994,46.7456894,620.69
8.1133432,46.7457657,613.59
8.1105843,46.7459030,602.27
8.1079063,46.7461090,596.50
8.1052265,46.7463455,591.73
8.1026001,46.7465324,592.34
8.1000957,46.7465286,589.78
8.0978403,46.7463531,588.73
8.0959806,46.7461357,590.14
8.0945606,46.7459335,590.61
8.0935364,46.7458420,591.70
8.0925703,46.7456741,592.30
8.0915413,46.7456360,590.13
8.0908146,46.7454987,593.69
8.0904570,46.7454185,599.27
8.0902119,46.7453918,601.00
8.0901022,46.7453079,600.67
8.0900927,46.7453079,602.02
8.0900831,46.7453308,603.13
8.0900822,46.7453423,604.16
8.0900946,46.7453651,604.86
8.0901070,46.7453728,605.39
8.0901175,46.7453880,605.88
8.0901308,46.7454071,606.09
8.0899525,46.7454071,607.55
8.0891981,46.7453499,610.47
8.0881920,46.7452431,609.47
8.0869198,46.7450523,605.58
8.0852880,46.7448540,604.23
8.0832415,46.7445259,603.27
8.0808105,46.7441597,597.39
8.0781622,46.7437477,594.77
8.0755148,46.7434196,592.25
8.0727825,46.7433968,592.64
8.0700588,46.7433510,592.45
8.0673180,46.7433052,590.70
8.0646057,46.7431374,589.69
8.0619631,46.7430649,592.95
8.0593767,46.7431984,600.27
8.0568352,46.7438087,600.91
8.0547962,46.7449150,595.09
8.0527449,46.7460327,574.58
8.0512590,46.7475090,578.45
8.0504618,46.7491112,582.44
8.0494823,46.7504997,581.17
8.0480528,46.7512970,577.91
8.0467625,46.7519798,577.63
8.0451717,46.7525253,582.06
8.0441446,46.7533226,578.42
8.0432787,46.7540932,576.69
8.0421791,46.7546158,579.30
8.0413914,46.7547989,581.22
8.0408487,46.7547989,580.97
8.0405226,46.7547226,580.72
8.0403852,46.7546806,581.72
8.0403824,46.7546806,581.77
8.0403681,46.7546883,581.81
8.0403681,46.7546844,581.94
8.0403681,46.7546844,581.97
8.0403557,46.7546921,581.97
8.0403357,46.7547112,581.94
8.0403357,46.7547112,581.98
8.0403452,46.7547035,582.06
8.0403585,46.7546883,582.06
8.0403605,46.7546806,582.06
8.0403652,46.7546768,581.92
8.0403700,46.7546730,581.91
8.0403757,46.7546654,582.08
8.0403738,46.7546692,582.33
8.0403748,46.7546654,582.55
8.0403528,46.7546768,582.61
8.0400667,46.7546577,584.00
8.0394526,46.7546272,586.89
8.0384979,46.7545242,590.00
8.0373230,46.7541924,589.13
8.0358458,46.7541962,589.47
8.0229902,46.7558708,789.05
8.0204592,46.7565346,778.63
8.0179205,46.7570839,762.91
8.0150919,46.7576599,720.47
8.0129070,46.7569313,689.09
8.0106764,46.7562714,660.97
8.0083885,46.7556190,645.58
8.0059376,46.7551765,638.50
8.0033493,46.7552567,629.33
8.0007572,46.7555008,615.39
7.9981184,46.7557907,607.11
7.9952002,46.7543983,601.47
7.9929171,46.7536659,591.64
7.9905739,46.7530861,585.41
7.9888654,46.7517967,590.09
7.9865746,46.7511330,597.00
7.9845891,46.7500916,594.08
7.9825230,46.7492905,600.61
7.9799175,46.7485847,612.11
7.9780507,46.7472801,595.50
7.9762988,46.7461128,598.75
7.9740968,46.7453766,596.98
7.9720621,46.7444344,596.61
7.9713254,46.7428093,595.84
7.9709516,46.7411346,595.86
7.9694800,46.7399864,594.33
7.9682302,46.7391701,597.67
7.9674339,46.7387123,599.88
7.9669290,46.7384758,603.89
7.9664865,46.7382622,604.31
7.9661193,46.7380714,608.69
7.9655361,46.7379265,611.28
7.9645324,46.7377968,613.81
7.9631190,46.7378883,615.13
7.9611201,46.7377472,610.97
7.9593239,46.7368546,607.88
7.9573727,46.7358055,606.13
7.9560080,46.7346077,599.55
7.9547224,46.7328453,607.55
7.9523969,46.7322273,607.23
7.9503961,46.7310982,600.30
7.9489050,46.7297592,599.88
7.9474802,46.7283440,603.23
7.9454126,46.7273865,602.38
7.9437041,46.7260590,601.30
7.9415727,46.7250443,599.48
7.9394441,46.7241058,597.53
7.9375868,46.7228165,597.64
7.9359360,46.7212448,599.69
7.9342585,46.7199669,601.22
7.9329472,46.7185326,600.84
7.9309187,46.7175331,601.95
7.9290142,46.7163086,601.61
7.9269824,46.7152824,602.81
7.9248867,46.7143364,604.20
7.9226642,46.7133980,605.58
7.9206257,46.7122154,605.42
7.9186873,46.7114029,604.91
7.9166265,46.7103043,604.50
7.9154153,46.7087975,604.70
7.9134345,46.7076340,604.50
7.9110503,46.7072906,603.39
7.9090829,46.7062531,601.77
7.9071059,46.7054710,603.53
7.9049668,46.7050514,613.53
7.9028263,46.7048149,621.66
7.9009256,46.7041855,623.88
7.8992352,46.7033043,622.11
7.8976140,46.7022591,620.30
7.8958406,46.7011414,616.58
7.8950367,46.6995964,614.14
7.8936458,46.6981201,613.16
7.8917699,46.6969643,610.44
7.8870263,46.6951065,627.67
7.8849549,46.6948700,611.23
7.8832092,46.6942253,612.03
7.8817673,46.6930885,597.64
7.8802366,46.6918068,592.55
7.8787212,46.6908188,576.83
7.8767109,46.6905098,574.52
7.8751383,46.6908073,574.25
7.8740344,46.6910095,571.72
7.8732638,46.6911125,570.91
7.8725214,46.6910820,570.61
7.8717012,46.6909981,569.86
7.8710694,46.6909676,570.72
7.8708839,46.6909637,568.97
7.8708873,46.6909676,567.92
7.8708777,46.6909485,567.78
7.8708777,46.6909561,567.73
7.8704510,46.6910324,579.69
7.8706226,46.6911392,578.19
7.8705964,46.6911125,578.16
7.8705001,46.6911507,577.75
7.8704233,46.6911736,577.44
7.8703389,46.6911850,577.77
7.8702683,46.6912079,577.20
7.8701267,46.6912117,576.55
7.8701262,46.6912155,576.48
7.8701239,46.6911964,576.13
7.8701210,46.6911926,576.11
7.8700771,46.6911774,576.08
7.8700242,46.6911697,576.02
7.8699670,46.6911621,575.83
7.8699431,46.6911507,575.72
7.8699212,46.6911850,575.91
7.8698573,46.6912003,576.23
7.8698568,46.6912003,576.27
7.8698521,46.6911964,576.25
7.8697500,46.6911888,575.22
7.8697534,46.6911659,575.17
7.8697572,46.6911736,575.14
7.8697171,46.6911964,574.09
7.8697300,46.6912346,573.97
7.8697329,46.6912651,575.05
7.8697329,46.6912651,575.09
7.8697228,46.6912498,575.08
7.8697314,46.6912613,575.13
7.8697395,46.6912689,575.13
7.8697376,46.6912613,575.16
7.8697367,46.6911926,574.91
7.8697295,46.6911812,574.84
7.8697243,46.6911659,574.53
7.8697581,46.6910744,571.06
7.8697615,46.6910744,570.89
7.8697619,46.6910744,570.75
7.8697677,46.6910820,570.67
7.8697586,46.6911316,570.47
7.8697395,46.6912041,571.34
7.8697581,46.6911507,574.20
7.8697605,46.6911545,574.31
7.8697643,46.6911583,574.44
7.8697667,46.6911621,574.95
7.8697629,46.6911545,575.30
7.8697529,46.6911430,575.64
7.8697119,46.6911545,577.95
7.8697100,46.6911545,578.25
7.8697052,46.6911583,579.13
7.8697081,46.6911697,580.09
7.8696380,46.6910896,583.33
7.8696461,46.6910820,586.64
7.8696451,46.6910820,586.89
7.8696833,46.6910858,587.73
7.8697577,46.6911125,588.53
7.8697338,46.6911430,589.48
7.8697319,46.6911430,589.55
7.8697314,46.6911392,589.59
7.8697286,46.6911354,589.78
7.8697548,46.6911850,589.11
7.8697534,46.6912117,587.69
7.8697448,46.6912193,587.31
7.8697467,46.6912231,587.23
7.8697457,46.6912880,587.03
7.8697395,46.6913071,587.45
7.8697462,46.6913185,587.61
7.8697562,46.6913605,587.64
7.8697171,46.6912880,587.52
7.8697076,46.6912613,587.28
7.8697109,46.6912689,587.14
7.8697047,46.6912613,586.92
7.8696690,46.6911736,583.97
7.8696399,46.6911583,581.84
7.8696480,46.6911621,580.36
7.8696470,46.6911621,580.22
7.8696489,46.6911697,580.06
7.8692756,46.6911316,580.36
7.8683171,46.6908684,578.73
7.8669291,46.6908722,575.78
7.8656979,46.6909256,576.89
7.8647671,46.6907234,575.81
7.8636141,46.6904755,573.06
7.8615522,46.6904526,569.19
7.8592100,46.6909943,560.56
7.8568110,46.6906281,549.45
7.8553810,46.6891823,539.61
7.8544765,46.6876183,530.67
7.8531184,46.6861267,527.27
7.8517342,46.6848450,526.45
7.8513584,46.6835022,530.92
7.8512053,46.6825790,540.42
7.8511219,46.6821289,550.30
7.8511281,46.6821327,552.97
7.8511038,46.6821327,553.33
7.8510823,46.6821327,553.45
7.8510399,46.6821289,553.58
7.8510747,46.6821327,553.55
7.8510795,46.6821327,553.52
7.8511829,46.6820145,553.73
7.8512702,46.6816330,553.95
7.8508229,46.6800690,555.77
7.8504310,46.6787834,556.83
7.8495069,46.6774483,557.73
7.8479347,46.6762466,558.88
7.8461819,46.6747971,559.91
7.8442168,46.6735268,559.36
7.8423505,46.6717567,559.47
7.8402143,46.6702652,559.19
7.8376942,46.6690331,558.83
7.8352132,46.6678696,559.53
7.8327904,46.6667442,561.91
7.8305645,46.6657753,567.73
7.8284626,46.6647911,574.47
7.8268251,46.6634789,570.98
7.8249044,46.6624870,574.98
7.8234329,46.6614342,577.42
7.8220396,46.6609154,579.91
7.8206444,46.6602898,579.20
7.8192987,46.6601677,572.00
7.8181357,46.6600418,569.84
7.8169188,46.6598053,571.77
7.8156977,46.6598320,575.75
7.8147945,46.6598854,577.70
7.8141990,46.6600151,576.30
7.8141074,46.6600418,575.28
7.8141036,46.6600418,575.23
7.8141093,46.6600380,575.16
7.8141084,46.6600380,575.14
7.8141184,46.6600342,575.39
7.8141084,46.6600380,575.64
7.8137393,46.6601906,577.14
7.8128600,46.6606445,578.66
7.8116155,46.6614075,580.70
7.8097987,46.6622391,577.00
7.8080168,46.6632881,578.66
7.8061819,46.6643791,582.58
7.8036861,46.6645279,585.83
7.8013535,46.6639748,588.14
7.7993484,46.6628571,585.86
7.7971096,46.6619949,580.80
7.7948909,46.6610565,576.09
7.7928348,46.6600456,574.94
7.7906318,46.6594696,574.14
7.7889247,46.6584320,567.80
7.7868447,46.6576843,565.33
7.7846208,46.6576805,574.23
7.7825885,46.6575241,579.89
7.7808542,46.6571274,575.58
7.7793450,46.6568069,577.48
7.7780433,46.6564484,578.66
7.7769842,46.6561165,580.89
7.7760038,46.6557426,581.92
7.7750020,46.6553535,581.81
7.7736392,46.6548119,581.08
7.7718029,46.6546707,583.72
7.7697725,46.6550751,587.47
7.7675509,46.6557770,586.89
7.7649131,46.6556702,582.17
7.7625837,46.6547890,574.59
7.7599649,46.6543808,574.58
7.7576494,46.6551476,578.48
7.7552085,46.6557121,581.98
7.7528071,46.6561623,585.31
7.7507186,46.6569290,589.28
7.7489052,46.6579819,592.72
7.7452426,46.6603203,594.72
7.7435842,46.6614876,589.55
7.7414737,46.6623230,581.33
7.7390800,46.6627998,577.05
7.7366915,46.6632233,580.66
7.7344165,46.6638451,582.52
7.7320495,46.6639061,583.19
7.7280898,46.6644516,598.73
7.7261648,46.6651649,598.39
7.7244592,46.6661949,600.14
7.7219729,46.6672363,598.23
7.7194467,46.6673737,601.95
7.7169957,46.6681976,601.64
7.7146850,46.6692963,607.14
7.7120309,46.6700592,611.98
7.7092810,46.6707726,613.83
7.7065897,46.6715813,615.38
7.7038522,46.6719818,614.97
7.7012610,46.6725616,615.31
7.6987777,46.6733818,616.80
7.6958981,46.6745491,619.84
7.6935825,46.6762276,623.22
7.6913028,46.6777458,624.59
7.6892276,46.6792831,631.06
7.6875644,46.6809731,637.19
7.6861148,46.6824760,641.56
7.6844401,46.6834793,644.13
7.6828318,46.6843452,647.34
7.6815448,46.6851730,649.73
7.6804352,46.6859818,652.66
7.6796217,46.6867332,656.78
7.6793060,46.6869812,660.58
7.6792908,46.6869736,662.22
7.6793208,46.6869926,662.34
7.6793561,46.6870308,662.20
7.6793599,46.6870308,662.11
7.6793494,46.6870232,662.08
7.6793537,46.6870270,662.09
7.6793528,46.6870270,662.05
7.6793303,46.6870155,662.05
7.6793227,46.6870193,662.08
7.6793170,46.6870193,662.19
7.6793299,46.6870232,662.30
7.6793180,46.6870193,662.36
7.6792817,46.6870117,662.38
7.6792798,46.6870117,662.22
7.6792860,46.6870155,662.22
7.6792827,46.6870117,662.20
7.6792932,46.6870155,662.31
7.6792912,46.6870155,662.38
7.6792917,46.6870155,662.44
7.6792793,46.6870155,662.58
7.6792736,46.6870117,662.59
7.6792660,46.6870117,662.58
7.6792574,46.6870079,662.69
7.6792502,46.6870079,662.95
7.6792569,46.6870155,663.31
7.6792545,46.6870193,663.53
7.6792388,46.6870155,663.72
7.6792178,46.6870117,663.86
7.6792207,46.6870155,663.91
7.6792288,46.6870232,664.03
7.6792302,46.6870270,664.36
7.6792216,46.6870232,664.66
7.6792297,46.6870270,664.80
7.6792407,46.6870346,664.92
7.6792517,46.6870384,665.11
7.6792669,46.6870422,665.27
7.6792874,46.6870499,665.23
7.6793089,46.6870575,665.14
7.6793823,46.6870651,665.86
7.6794491,46.6870422,666.97
7.6793876,46.6870651,666.75
7.6792903,46.6871147,666.69
7.6792965,46.6871185,666.63
7.6793079,46.6871223,666.61
7.6793160,46.6871262,666.58
7.6793251,46.6871300,666.48
7.6793342,46.6871338,666.42
7.6793404,46.6871338,666.52
7.6793447,46.6871376,666.61
7.6793594,46.6871452,666.83
7.6792459,46.6872368,667.41
7.6786008,46.6876640,667.80
7.6773672,46.6883698,658.30
7.6755981,46.6890678,648.59
7.6734896,46.6896439,638.69
7.6711869,46.6897469,636.34
7.6689448,46.6896362,637.77
7.6667771,46.6898956,636.23
7.6646948,46.6904640,637.86
7.6625319,46.6911201,634.63
7.6603198,46.6918907,631.17
7.6577721,46.6922455,636.05
7.6549430,46.6921310,638.17
7.6520171,46.6917496,638.30
7.6492248,46.6908112,636.78
7.6465874,46.6895447,631.80
7.6448989,46.6877594,624.09
7.6438107,46.6857643,622.31
7.6424737,46.6840630,623.72
7.6408758,46.6824837,623.72
7.6397557,46.6807899,615.84
7.6387348,46.6791344,611.86
7.6379123,46.6776352,614.53
7.6369872,46.6764679,617.34
7.6356196,46.6758347,621.09
7.6348109,46.6754837,624.72
7.6347089,46.6754951,627.25
7.6347070,46.6754951,627.33
7.6347065,46.6754951,627.45
7.6346979,46.6754951,627.63
7.6346850,46.6754913,627.80
7.6343021,46.6753273,631.42
7.6333046,46.6750832,634.06
7.6318088,46.6749573,634.67
7.6301455,46.6747475,636.23
7.6283274,46.6745186,640.47
7.6264572,46.6739159,643.66
7.6248674,46.6727295,644.23
7.6231828,46.6714973,643.48
7.6211047,46.6706238,639.38
7.6191945,46.6696548,637.27
7.6171560,46.6693802,637.73
7.6151233,46.6691284,636.72
7.6131916,46.6685448,636.28
7.6112328,46.6679039,638.70
7.6088991,46.6676140,642.63
7.6062622,46.6668434,645.84
7.6035075,46.6659851,648.50
7.6008716,46.6651497,651.94
7.5983825,46.6643486,653.59
7.5960340,46.6636696,658.08
7.5938497,46.6629829,660.81
7.5917706,46.6623230,660.52
7.5898633,46.6616669,660.48
7.5880003,46.6612053,666.47
7.5861483,46.6614876,667.30
7.5842686,46.6612816,668.44
7.5826874,46.6607628,668.78
7.5812874,46.6603203,669.50
7.5801244,46.6600800,670.84
7.5794988,46.6599388,672.16
7.5794263,46.6599083,673.17
7.5794182,46.6599045,673.20
7.5794144,46.6599045,673.23
7.5794168,46.6599045,673.42
7.5794215,46.6599045,673.48
7.5791864,46.6598587,673.36
7.5782466,46.6596489,674.61
7.5765224,46.6595039,677.39
7.5744071,46.6595078,678.98
7.5723920,46.6598091,683.91
7.5706606,46.6605339,686.98
7.5687337,46.6606445,687.55
7.5667667,46.6603813,687.95
7.5651970,46.6596985,687.88
7.5630093,46.6590424,686.70
7.5609422,46.6593475,683.39
7.5588794,46.6597481,681.53
7.5569720,46.6594009,678.00
7.5556345,46.6591797,676.80
7.5551991,46.6590805,676.75
7.5551701,46.6590538,676.83
7.5551763,46.6590347,677.41
7.5551701,46.6590233,677.11
7.5551577,46.6590233,677.09
7.5549531,46.6590157,679.69
7.5542231,46.6589241,684.13
7.5530171,46.6589050,690.16
7.5512648,46.6587181,690.42
7.5492654,46.6579399,690.27
7.5470767,46.6573868,689.14
7.5450401,46.6580696,687.52
7.5429225,46.6586227,684.77
7.5406799,46.6587791,689.78
7.5385342,46.6592369,692.05
7.5363131,46.6589241,694.92
7.5341525,46.6591072,697.25
7.5320654,46.6594429,697.05
7.5298738,46.6594238,701.31
7.5277305,46.6591568,706.95
7.5258393,46.6582909,712.05
7.5239968,46.6573792,714.63
7.5217977,46.6567154,716.69
7.5194874,46.6564789,723.09
7.5172219,46.6569099,729.80
7.5150108,46.6575089,734.91
7.5126586,46.6577835,738.92
7.5104241,46.6581459,739.33
7.5081406,46.6583786,741.92
7.5059462,46.6584854,745.92
7.5037961,46.6587563,751.41
7.5015683,46.6584778,758.59
7.4994578,46.6581764,761.91
7.4977126,46.6581764,766.59
7.4966226,46.6585121,767.16
7.4957638,46.6587601,770.02
7.4950519,46.6590347,769.61
7.4946909,46.6591949,768.98
7.4947052,46.6592255,767.23
7.4946957,46.6592216,767.13
7.4946914,46.6592216,767.11
7.4946194,46.6592331,767.31
7.4940381,46.6593895,768.31
7.4928350,46.6596947,767.23
7.4910812,46.6598663,767.17
7.4890924,46.6597900,767.73
7.4869304,46.6597328,770.75
7.4846044,46.6600571,773.61
7.4822116,46.6598473,774.30
7.4798532,46.6596794,774.56
7.4774690,46.6595764,774.58
7.4751673,46.6594849,778.14
7.4727869,46.6596794,778.09
7.4704547,46.6595001,773.69
7.4684043,46.6590767,771.66
7.4663491,46.6589775,773.59
7.4643474,46.6591721,778.50
7.4625201,46.6596832,785.31
7.4604769,46.6595421,794.27
7.4583354,46.6592293,802.36
7.4560313,46.6592064,810.50
7.4539332,46.6597099,819.61
7.4518032,46.6596375,825.91
7.4497108,46.6593323,831.94
7.4474287,46.6593056,834.88
7.4450955,46.6593781,836.19
7.4427791,46.6589966,836.88
7.4412093,46.6578293,837.30
7.4392781,46.6570930,839.72
7.4372940,46.6565361,839.00
7.4352212,46.6560135,840.45
7.4331894,46.6553497,839.56
7.4319181,46.6540642,835.13
7.4300313,46.6531334,833.56
7.4280496,46.6522675,834.00
7.4260998,46.6514778,833.88
7.4240046,46.6507645,833.48
7.4217196,46.6502876,819.73
7.4198270,46.6492462,815.50
7.4179158,46.6482697,814.39
7.4174533,46.6467667,817.70
7.4177766,46.6453133,819.31
7.4173870,46.6437416,821.16
7.4164724,46.6422577,825.23
7.4150310,46.6409569,828.67
7.4141135,46.6394615,824.02
7.4121184,46.6387100,820.38
7.4102182,46.6378708,821.86
7.4083238,46.6367798,821.58
7.4063406,46.6352921,822.28
7.4042363,46.6337280,822.80
7.4019318,46.6322708,824.47
7.3991766,46.6314850,821.41
7.3970385,46.6305313,823.11
7.3951755,46.6296768,824.55
7.3935928,46.6289673,824.89
7.3922257,46.6284294,825.75
7.3911042,46.6279182,829.11
7.3903251,46.6274452,832.53
7.3899403,46.6272240,830.38
7.3899179,46.6272545,830.52
7.3898859,46.6272507,830.52
7.3898749,46.6272469,830.11
7.3898420,46.6272392,830.17
7.3898516,46.6272392,830.28
7.3898349,46.6272392,830.28
7.3898373,46.6272392,830.23
7.3898244,46.6272392,830.14
7.3898201,46.6272354,830.06
7.3898120,46.6272354,829.91
7.3898172,46.6272354,829.73
7.3898110,46.6272354,829.64
7.3898039,46.6272354,829.61
7.3898149,46.6272354,829.61
7.3898163,46.6272354,829.63
7.3898392,46.6272392,829.73
7.3898339,46.6272392,829.80
7.3900599,46.6272087,830.05
7.3900590,46.6272125,830.11
7.3900652,46.6272125,830.22
7.3900833,46.6272125,830.44
7.3900833,46.6272087,830.69
7.3900595,46.6271744,831.69
7.3898339,46.6270218,832.78
7.3892293,46.6266937,834.41
7.3880787,46.6262398,825.38
7.3869810,46.6255112,824.59
7.3858709,46.6244125,826.20
7.3845878,46.6229858,826.95
7.3832607,46.6212349,834.27
7.3817105,46.6192932,837.63
7.3799839,46.6172447,841.47
7.3786707,46.6149597,840.61
7.3786392,46.6126213,842.84
7.3782182,46.6104088,842.39
7.3771100,46.6084709,845.25
7.3761020,46.6066856,845.48
7.3748884,46.6052513,848.36
7.3742480,46.6038399,851.09
7.3747320,46.6024208,844.22
7.3746939,46.6010323,845.89
7.3745422,46.5995789,852.20
7.3747258,46.5980721,859.97
7.3749747,46.5964622,867.86
7.3748674,46.5947609,871.22
7.3738880,46.5933266,872.58
7.3743544,46.5918503,875.25
7.3756452,46.5905762,877.72
7.3772006,46.5891724,890.94
7.3812747,46.5872803,845.69
7.3820400,46.5855141,880.02
7.3825598,46.5837059,884.86
7.3829088,46.5817184,884.80
7.3829718,46.5798607,884.70
7.3830252,46.5781631,881.08
7.3830662,46.5764503,879.05
7.3825445,46.5747299,876.33
7.3806672,46.5733414,871.95
7.3788705,46.5718765,868.50
7.3778744,46.5700493,866.08
7.3770781,46.5681877,864.98
7.3765693,46.5662880,866.30
7.3762622,46.5644608,865.97
7.3759084,46.5625725,865.17
7.3755260,46.5607872,864.59
7.3753572,46.5587463,862.42
7.3750358,46.5569572,859.47
7.3750877,46.5552635,857.03
7.3751216,46.5542908,854.73
7.3748198,46.5536652,852.84
7.3747954,46.5531044,851.22
7.3747802,46.5525856,849.63
7.3747458,46.5523720,849.05
7.3747530,46.5523758,849.16
7.3747816,46.5523872,849.77
7.3748050,46.5523949,850.22
7.3748131,46.5523949,850.41
7.3748302,46.5523949,850.53
7.3748307,46.5523987,850.63
7.3748055,46.5523949,850.69
7.3748121,46.5523949,850.73
7.3748178,46.5523949,850.78
7.3748164,46.5523949,851.03
7.3748336,46.5523949,851.42
7.3748546,46.5523949,852.00
7.3748736,46.5523987,852.38
7.3748884,46.5523949,852.67
7.3749027,46.5523911,852.89
7.3749137,46.5523949,853.16
7.3749304,46.5523987,853.41
7.3749404,46.5524025,853.64
7.3749461,46.5524063,853.92
7.3749557,46.5524101,854.27
7.3749666,46.5524178,854.67
7.3749785,46.5524292,855.81
7.3749838,46.5524368,857.98
7.3749900,46.5524330,861.19
7.3749957,46.5524254,865.36
7.3750033,46.5524292,870.70
7.3750114,46.5524292,875.81
7.3750086,46.5524292,877.25
7.3750062,46.5524254,877.73
7.3750091,46.5524254,878.13
7.3750162,46.5524254,878.42
7.3750138,46.5524216,879.48
7.3750019,46.5522003,886.55
7.3749628,46.5516319,895.08
7.3749399,46.5510941,905.08
7.3752923,46.5506172,912.58
7.3758874,46.5502472,924.45
7.3766589,46.5500450,933.20
7.3775392,46.5496559,941.19
7.3778381,46.5487938,947.58
7.3779559,46.5476952,954.11
7.3780222,46.5464668,958.03
7.3780007,46.5451584,967.50
7.3781424,46.5437851,983.88
7.3783426,46.5423508,995.33
7.3783150,46.5409851,1002.63
7.3784742,46.5397758,1009.86
7.3798523,46.5388603,1013.05
7.3774495,46.5392151,1026.81
7.3772964,46.5405922,1028.16
7.3767982,46.5418320,1030.00
7.3765936,46.5431366,1036.09
7.3760238,46.5442848,1047.75
7.3752894,46.5452614,1056.63
7.3741455,46.5461082,1067.84
7.3728538,46.5468140,1074.81
7.3715320,46.5463600,1074.88
7.3705411,46.5453682,1077.19
7.3697338,46.5443306,1082.22
7.3693557,46.5431824,1085.75
7.3683810,46.5422211,1089.97
7.3672948,46.5412560,1095.34
7.3659124,46.5404587,1098.19
7.3648906,46.5394249,1106.31
7.3636942,46.5384712,1111.88
7.3625827,46.5374908,1117.97
7.3614173,46.5364723,1120.59
7.3601151,46.5355530,1124.03
7.3584070,46.5350723,1128.47
7.3568344,46.5343895,1135.03
7.3555484,46.5335770,1141.91
7.3547564,46.5326996,1149.50
7.3540754,46.5321617,1151.59
7.3534799,46.5317459,1153.16
7.3526840,46.5314560,1151.31
7.3519235,46.5312119,1151.22
7.3512778,46.5308228,1155.16
7.3504868,46.5302582,1159.00
7.3492718,46.5296936,1163.13
7.3479414,46.5289841,1167.44
7.3466549,46.5281219,1174.34
7.3452597,46.5274315,1178.97
7.3447547,46.5264091,1184.03
7.3439012,46.5254517,1187.56
7.3429084,46.5245438,1189.25
7.3417745,46.5236778,1194.94
7.3400135,46.5238991,1209.63
7.3383842,46.5236969,1220.16
7.3369875,46.5229836,1225.44
7.3350449,46.5229111,1231.22
7.3330846,46.5227547,1233.56
7.3311009,46.5226250,1237.84
7.3293481,46.5220222,1245.38
7.3275237,46.5213737,1250.63
7.3255525,46.5212097,1251.91
7.3236079,46.5208549,1257.16
7.3218484,46.5201263,1265.97
7.3203850,46.5190544,1267.22
7.3188848,46.5180893,1268.25
7.3170376,46.5177650,1270.03
7.3157463,46.5175285,1270.72
7.3147058,46.5174980,1269.88
7.3139868,46.5174370,1267.97
7.3133206,46.5173721,1268.13
7.3128037,46.5173683,1268.47
7.3123946,46.5173988,1268.63
7.3123379,46.5173912,1269.88
7.3123345,46.5173912,1269.88
7.3123379,46.5173912,1269.94
7.3123426,46.5173950,1269.94
7.3123450,46.5173950,1269.97
7.3123479,46.5173988,1269.97
7.3123412,46.5173912,1270.00
7.3123374,46.5173912,1269.97
7.3121376,46.5174141,1269.34
7.3112860,46.5174713,1266.56
7.3102570,46.5174904,1267.09
7.3093138,46.5171890,1267.88
7.3084040,46.5164566,1272.41
7.3069801,46.5156021,1276.56
7.3053312,46.5146561,1282.34
7.3039770,46.5135078,1286.41
7.3025107,46.5124969,1285.16
7.3006921,46.5117531,1278.66
7.2996740,46.5104866,1273.66
7.2983899,46.5093613,1262.06
7.2967596,46.5083923,1257.50
7.2952142,46.5074081,1251.59
7.2937293,46.5064163,1246.44
7.2924581,46.5055466,1243.13
7.2915335,46.5048256,1239.66
7.2911544,46.5043564,1235.13
7.2910447,46.5042801,1234.50
7.2910271,46.5042725,1234.41
7.2910109,46.5042686,1234.41
7.2909989,46.5042648,1234.41
7.2909913,46.5042648,1234.47
7.2909822,46.5042610,1234.50
7.2909245,46.5042229,1234.53
7.2906280,46.5038185,1234.97
7.2900877,46.5034065,1236.19
7.2890687,46.5031090,1237.53
7.2878084,46.5026932,1237.38
7.2863979,46.5020485,1233.75
7.2860742,46.5009804,1228.41
7.2873240,46.5001907,1225.06
7.2889829,46.5005417,1221.22
7.2905622,46.5001602,1217.88
7.2905045,46.4990425,1212.47
7.2893133,46.4980125,1205.78
7.2883902,46.4971199,1199.34
7.2883649,46.4960175,1191.75
7.2875590,46.4950180,1189.13
7.2861180,46.4944458,1183.91
7.2846222,46.4938316,1180.38
7.2826867,46.4937134,1177.34
7.2809958,46.4935112,1169.81
7.2798939,46.4925880,1161.03
7.2799869,46.4914055,1161.59
7.2803965,46.4902916,1155.81
7.2817922,46.4898872,1146.19
7.2834930,46.4896851,1141.03
7.2849550,46.4891853,1136.00
7.2850580,46.4880180,1132.13
7.2849350,46.4867630,1130.06
7.2849398,46.4857903,1125.31
7.2858410,46.4849319,1120.66
7.2862563,46.4838448,1115.88
7.2853489,46.4828415,1110.56
7.2852058,46.4817276,1103.00
7.2855816,46.4807053,1097.16
7.2859659,46.4797707,1095.34
7.2850804,46.4788780,1093.00
7.2848530,46.4778099,1091.91
7.2855482,46.4767570,1091.25
7.2863045,46.4758682,1090.59
7.2870178,46.4749374,1089.63
7.2865396,46.4739723,1087.78
7.2850647,46.4739990,1083.28
7.2840838,46.4749069,1076.97
7.2836299,46.4753342,1073.22
7.2836442,46.4754372,1070.72
7.2836571,46.4754181,1070.50
7.2836156,46.4754677,1069.75
7.2835431,46.4754753,1068.81
7.2834959,46.4755707,1067.72
7.2834792,46.4755783,1064.72
7.2835202,46.4755363,1061.31
7.2835956,46.4755440,1064.97
7.2834353,46.4756851,1066.84
7.2833486,46.4757576,1067.25
7.2835174,46.4756470,1067.19
7.2834129,46.4757271,1067.00
7.2834535,46.4756851,1066.78
7.2816825,46.4768181,1030.56
7.2803502,46.4771690,1047.56
7.2784247,46.4779243,1046.06
7.2763662,46.4790192,1043.16
7.2746816,46.4801445,1034.97
7.2729673,46.4813881,1031.47
7.2711658,46.4828148,1027.91
7.2693973,46.4842911,1020.78
7.2675023,46.4856071,1008.50
7.2657027,46.4867668,1000.42
7.2644701,46.4875832,1000.00
7.2635846,46.4879608,996.47
7.2627969,46.4883003,989.84
7.2618032,46.4885368,993.92
7.2609315,46.4885025,991.73
7.2605476,46.4882393,990.50
7.2605872,46.4884148,991.63
7.2605801,46.4884224,991.81
7.2605810,46.4884186,992.02
7.2605734,46.4884338,992.22
7.2605720,46.4884338,992.52
7.2605782,46.4884262,992.59
7.2605753,46.4884338,992.70
7.2605629,46.4884491,992.77
7.2605543,46.4884605,992.84
7.2605577,46.4884567,992.92
7.2605658,46.4884453,993.09
7.2605586,46.4884605,993.45
7.2605457,46.4884758,993.78
7.2605543,46.4884644,993.86
7.2605700,46.4884377,993.89
7.2605987,46.4883804,993.91
7.2606058,46.4883766,993.97
7.2605753,46.4884109,994.05
7.2605357,46.4884262,994.48
7.2604713,46.4885025,997.92
7.2604637,46.4884949,998.59
7.2604632,46.4884911,998.98
7.2604637,46.4884911,998.98
7.2604656,46.4884949,998.98
7.2604761,46.4885292,999.25
7.2603793,46.4885330,999.45
7.2595105,46.4884949,998.91
7.2588830,46.4884720,997.98
7.2574949,46.4873047,998.00
7.2396398,46.4871445,998.36
7.2369471,46.4872932,997.88
7.2344198,46.4871445,997.25
7.2319908,46.4867287,996.70
7.2292061,46.4865417,995.98
7.2140737,46.4886131,997.25
7.2123151,46.4885902,998.09
7.2112336,46.4885406,999.28
7.2102141,46.4884605,1000.08
7.2093391,46.4883957,1001.16
7.2088480,46.4883614,1002.75
7.2088299,46.4883690,1003.75
7.2088966,46.4883728,1002.06
7.2088623,46.4883881,1002.34
7.2088656,46.4883423,1001.09
7.2088709,46.4883385,1001.00
7.2084012,46.4883461,998.92
7.2072859,46.4883461,997.73
7.2059503,46.4883385,994.98
7.2042332,46.4882431,993.94
7.2025805,46.4874878,992.30
7.2014337,46.4863396,993.05
7.1996536,46.4856148,988.75
7.1974335,46.4847946,983.58
7.1949563,46.4839897,979.31
7.1923242,46.4835052,981.20
7.1899762,46.4831085,981.88
7.1881504,46.4826126,983.36
7.1862898,46.4821663,984.78
7.1842647,46.4817810,985.97
7.1822071,46.4812431,987.36
7.1801605,46.4807358,990.20
7.1777458,46.4804115,994.08
7.1757307,46.4795761,998.00
7.1744080,46.4785461,998.25
7.1731920,46.4777603,1002.48
7.1716251,46.4774094,1001.13
7.1703939,46.4767189,1000.13
7.1695776,46.4757996,996.75
7.1682496,46.4749908,996.66
7.1663814,46.4747543,999.17
7.1648169,46.4745255,1000.56
7.1638246,46.4740601,1002.47
7.1633945,46.4734421,1004.20
7.1624856,46.4730186,1003.28
7.1615319,46.4731827,1000.11
7.1608067,46.4737511,996.81
7.1597648,46.4736481,996.20
7.1585941,46.4736328,996.13
7.1571188,46.4735260,995.42
7.1557612,46.4738464,996.27
7.1544604,46.4742661,997.16
7.1530328,46.4746284,997.39
7.1516757,46.4751625,999.64
7.1501966,46.4753380,1000.42
7.1486421,46.4751816,1001.09
7.1467848,46.4750481,1000.17
7.1446805,46.4754295,998.28
7.1428146,46.4762917,995.72
7.1408801,46.4764862,993.09
7.1394544,46.4760475,988.61
7.1379590,46.4758568,987.03
7.1366477,46.4762726,986.14
7.1353345,46.4764137,983.98
7.1342621,46.4757614,979.11
7.1331997,46.4752693,977.97
7.1325917,46.4749336,975.92
7.1324034,46.4748802,972.39
7.1323986,46.4748764,971.95
7.1323938,46.4748726,971.95
7.1323872,46.4748650,971.94
7.1323991,46.4748802,972.11
7.1324015,46.4748878,972.36
7.1324019,46.4748917,972.53
7.1323333,46.4748650,972.69
7.1319127,46.4746284,973.31
7.1308565,46.4746323,974.56
7.1296725,46.4744263,975.42
7.1280208,46.4744186,976.20
7.1263676,46.4742546,976.55
7.1249743,46.4734764,976.56
7.1239529,46.4723053,975.50
7.1236210,46.4709282,967.83
7.1226635,46.4697189,964.38
7.1211863,46.4687042,960.28
7.1188183,46.4683914,956.77
7.1164751,46.4687042,955.48
7.1144495,46.4689217,954.33
7.1126685,46.4682579,952.69
7.1113219,46.4673500,951.16
7.1090012,46.4668846,951.31
7.1071243,46.4660416,948.91
7.1052237,46.4658890,939.59
7.1032829,46.4655533,924.75
7.1015358,46.4647865,919.94
7.1007261,46.4642715,914.91
7.0971708,46.4661179,890.66
7.0955157,46.4660835,888.44
7.0941043,46.4656219,884.88
7.0928421,46.4648247,882.66
7.0911655,46.4642677,880.27
7.0893397,46.4647675,879.59
7.0875664,46.4647903,880.72
7.0859189,46.4649048,882.72
7.0845652,46.4647827,884.31
7.0834928,46.4647408,886.25
7.0827303,46.4647408,888.34
7.0826454,46.4647751,889.98
7.0826426,46.4647713,890.22
7.0826416,46.4647713,890.45
7.0824280,46.4647369,891.91
7.0817156,46.4646950,892.70
7.0804100,46.4644165,890.30
7.0784621,46.4644852,883.91
7.0770979,46.4654846,886.50
7.0761285,46.4667931,887.91
7.0744677,46.4675102,890.84
7.0726261,46.4670067,890.50
7.0710158,46.4661751,889.02
7.0692754,46.4655304,888.30
7.0675297,46.4649315,875.33
7.0656362,46.4646606,866.86
7.0637345,46.4647064,859.81
7.0618515,46.4645462,859.70
7.0599742,46.4640656,859.92
7.0581589,46.4638748,861.97
7.0563340,46.4641380,861.16
7.0544605,46.4641609,859.75
7.0527549,46.4645729,860.16
7.0512090,46.4650497,858.50
7.0494761,46.4650154,856.00
7.0480189,46.4656487,856.36
7.0470200,46.4665604,859.59
7.0458522,46.4674225,867.94
7.0452180,46.4684563,879.69
7.0450025,46.4696579,890.02
7.0444803,46.4707909,899.02
7.0437970,46.4717026,907.50
7.0433888,46.4726257,915.50
7.0420818,46.4728851,922.47
7.0410900,46.4734650,928.77
7.0407867,46.4740028,934.38
7.0383172,46.4749374,862.91
7.0370574,46.4746094,870.23
7.0359216,46.4750328,871.70
7.0352588,46.4758224,873.84
7.0345984,46.4767647,870.44
7.0349002,46.4780464,864.84
7.0352864,46.4793663,856.33
7.0364008,46.4804459,842.72
7.0373673,46.4813652,836.64
7.0376668,46.4818840,817.92
7.0378470,46.4823914,807.09
7.0382195,46.4828796,801.95
7.0390911,46.4833412,803.16
7.0400529,46.4838676,804.05
7.0407939,46.4844551,804.81
7.0412993,46.4849091,803.36
7.0418282,46.4852638,806.23
7.0422788,46.4856033,806.52
7.0425797,46.4857903,810.16
7.0426273,46.4858017,806.97
7.0426254,46.4858017,806.78
7.0426235,46.4858017,806.61
7.0426226,46.4858017,806.52
7.0426211,46.4858017,806.41
7.0426207,46.4858055,806.36
7.0426731,46.4858360,806.28
7.0429721,46.4862404,804.16
7.0431333,46.4869537,799.13
7.0431314,46.4877434,799.06
7.0427227,46.4884834,795.09
7.0419888,46.4899101,776.80
7.0412717,46.4903793,815.16
7.0405335,46.4908981,826.39
7.0403681,46.4915619,827.75
7.0412288,46.4920197,829.45
7.0418673,46.4925499,830.03
7.0412250,46.4929161,831.86
7.0404034,46.4926910,834.56
7.0399747,46.4919586,839.14
7.0391321,46.4913940,844.23
7.0381212,46.4909668,850.31
7.0369787,46.4909935,856.20
7.0364704,46.4916496,864.39
7.0357146,46.4922218,877.88
7.0346766,46.4918976,885.28
7.0338879,46.4912033,884.42
7.0325727,46.4908981,894.67
7.0311928,46.4906998,902.31
7.0298033,46.4902000,914.14
7.0284367,46.4898682,922.30
7.0268049,46.4896431,928.23
7.0254889,46.4890289,934.13
7.0243583,46.4881439,939.22
7.0230546,46.4873352,935.17
7.0219903,46.4864426,935.61
7.0206342,46.4857216,938.97
7.0193152,46.4850311,939.19
7.0179048,46.4845276,941.58
7.0175037,46.4835510,943.39
7.0170217,46.4828186,946.58
7.0166869,46.4818764,947.52
7.0162201,46.4811668,949.06
7.0158911,46.4803238,950.31
7.0155506,46.4794350,957.22
7.0155191,46.4784088,955.56
7.0152850,46.4775047,956.22
7.0151148,46.4762993,960.27
7.0142522,46.4753723,964.30
7.0133567,46.4744720,963.86
7.0127611,46.4734116,966.75
7.0118437,46.4724426,975.39
7.0108600,46.4715652,981.61
7.0097256,46.4707527,992.39
7.0083523,46.4701843,1000.97
7.0074482,46.4692574,1006.78
7.0069246,46.4682655,1015.80
7.0064464,46.4675407,1019.41
7.0060806,46.4671173,1016.41
7.0057573,46.4667816,1017.48
7.0055275,46.4665375,1019.64
7.0053449,46.4663200,1024.66
7.0051541,46.4660110,1029.00
7.0049076,46.4656830,1034.09
7.0046887,46.4654427,1039.09
7.0043597,46.4651985,1044.25
7.0040054,46.4649658,1049.66
7.0038371,46.4648361,1054.50
7.0037265,46.4648590,1058.09
7.0035706,46.4647522,1058.06
7.0034289,46.4642448,1058.41
7.0033193,46.4640884,1058.63
7.0032721,46.4639168,1059.00
7.0033455,46.4635696,1059.59
7.0034819,46.4633751,1063.56
7.0035071,46.4632187,1064.16
7.0034561,46.4629784,1067.16
7.0032682,46.4627724,1069.22
7.0030174,46.4625359,1071.75
7.0027909,46.4621239,1073.50
7.0025554,46.4616394,1074.69
7.0021853,46.4611130,1074.13
7.0016727,46.4605751,1073.88
7.0014219,46.4598923,1078.31
7.0010042,46.4592667,1082.34
7.0001631,46.4586372,1086.66
6.9994426,46.4579620,1090.94
6.9987535,46.4572449,1096.03
6.9984174,46.4565086,1105.44
6.9982500,46.4561882,1111.97
6.9981818,46.4560356,1118.19
6.9981775,46.4560318,1120.03
6.9981747,46.4560280,1120.22
6.9981651,46.4560280,1120.31
6.9981627,46.4560280,1120.41
6.9981751,46.4560432,1120.44
6.9981747,46.4560394,1120.38
6.9981790,46.4560471,1120.38
6.9981842,46.4560547,1120.41
6.9981976,46.4560661,1120.41
6.9982018,46.4560661,1120.41
6.9981961,46.4560623,1120.41
6.9981909,46.4560547,1120.41
6.9981828,46.4560471,1120.31
6.9981809,46.4560394,1120.28
6.9981761,46.4560280,1120.09
6.9981732,46.4560280,1119.97
6.9981728,46.4560280,1120.00
6.9981751,46.4560280,1120.03
6.9980655,46.4558716,1120.38
6.9973898,46.4555321,1122.41
6.9636936,46.4544220,1097.50
6.9624643,46.4545403,1093.81
6.9609971,46.4544754,1087.34
6.9599152,46.4543686,1087.56
6.9583917,46.4540329,1088.28
6.9570951,46.4537544,1087.91
6.9557457,46.4536324,1088.56
6.9543147,46.4534683,1089.56
6.9528766,46.4532471,1090.97
6.9515762,46.4531250,1092.16
6.9506602,46.4527016,1093.81
6.9492021,46.4523087,1095.00
6.9482913,46.4521027,1095.91
6.9474955,46.4523277,1096.03
6.9463325,46.4529572,1093.53
6.9453368,46.4532127,1090.81
6.9440880,46.4538651,966.25
6.9434004,46.4537659,968.75
6.9430823,46.4535751,968.25
6.9429646,46.4534912,969.20
6.9429798,46.4534798,971.47
6.9429626,46.4534683,972.23
6.9429545,46.4534607,972.41
6.9429574,46.4534645,972.47
6.9429541,46.4534645,972.53
6.9429426,46.4534569,972.53
6.9429474,46.4534645,972.50
6.9429374,46.4534492,972.58
6.9426665,46.4532280,973.52
6.9424248,46.4527397,973.23
6.9422965,46.4520721,968.41
6.9419231,46.4513359,960.36
6.9410896,46.4507294,955.48
6.9402003,46.4500465,950.09
6.9396181,46.4491997,944.27
6.9382863,46.4488945,937.55
6.9370365,46.4491768,931.39
6.9355731,46.4494133,923.50
6.9343095,46.4494247,916.20
6.9330797,46.4490929,909.61
6.9319315,46.4490013,905.25
6.9305496,46.4488602,900.58
6.9302192,46.4480476,896.25
6.9301906,46.4471779,891.73
6.9294062,46.4464722,887.75
6.9282155,46.4458809,883.20
6.9271355,46.4453583,877.78
6.9260478,46.4448853,873.16
6.9248166,46.4444618,869.58
6.9236927,46.4439240,866.00
6.9223828,46.4435310,861.92
6.9210153,46.4439659,857.02
6.9198799,46.4445801,853.13
6.9186206,46.4448700,849.75
6.9176431,46.4454079,846.28
6.9165101,46.4457474,842.92
6.9154644,46.4462662,839.39
6.9148407,46.4467659,836.30
6.9147429,46.4472733,833.50
6.9148307,46.4473839,830.22
6.9148722,46.4475937,827.91
6.9149847,46.4480743,827.77
6.9148169,46.4488106,828.00
6.9130940,46.4504242,751.34
6.9133062,46.4497910,742.39
6.9136205,46.4493675,748.86
6.9137301,46.4493294,751.47
6.9137759,46.4492645,751.91
6.9137449,46.4492340,752.00
6.9137335,46.4492226,752.05
6.9140344,46.4488678,752.17
6.9145846,46.4480553,751.84
6.9147620,46.4470901,749.69
6.9150229,46.4461517,747.27
6.9155550,46.4451942,741.83
6.9165559,46.4444389,739.98
6.9176192,46.4439812,740.34
6.9183569,46.4432526,742.69
6.9190497,46.4426193,746.17
6.9201183,46.4420166,747.36
6.9208379,46.4412880,731.64
6.9212542,46.4403267,717.66
6.9220738,46.4397621,710.39
6.9232035,46.4394646,708.03
6.9234385,46.4387627,688.34
6.9223676,46.4384155,675.41
6.9215441,46.4390030,666.70
6.9210982,46.4398308,661.38
6.9206114,46.4406433,656.31
6.9196458,46.4413338,652.09
6.9186001,46.4418068,647.78
6.9173779,46.4422989,644.13
6.9164319,46.4428978,640.11
6.9152517,46.4431801,634.45
6.9143424,46.4438362,626.81
6.9131589,46.4442711,620.91
6.9121709,46.4448280,617.70
6.9111409,46.4452782,613.09
6.9103684,46.4458504,608.91
6.9100184,46.4460869,610.09
6.9099774,46.4461174,609.92
6.9099836,46.4461250,610.08
6.9099951,46.4461365,610.27
6.9097390,46.4462776,609.70
6.9089646,46.4466553,610.00
6.9081340,46.4472389,602.28
6.9073539,46.4479980,594.38
6.9064798,46.4487000,589.33
6.9056225,46.4493790,583.88
6.9047165,46.4499893,576.44
6.9037704,46.4504814,571.83
6.9030576,46.4509087,567.78
6.9024043,46.4534264,569.92
6.9018250,46.4542313,568.11
6.9007668,46.4540596,565.17
6.9004712,46.4531364,562.00
6.9007926,46.4522514,560.52
6.9010272,46.4513626,560.95
6.9106078,46.4364738,403.78
6.9105005,46.4366760,403.91
6.9104772,46.4367180,403.88
6.9104609,46.4367294,403.93
6.9104738,46.4367180,404.01
6.9104695,46.4367218,404.11
6.9105015,46.4367104,404.21
6.9106331,46.4366035,404.78
6.9107084,46.4364738,405.32
6.9107103,46.4363899,404.29
6.9107299,46.4363556,404.47
6.9107666,46.4363441,404.55
6.9100761,46.4362106,395.95
6.9098420,46.4360924,410.52
6.9098444,46.4361839,410.77
6.9097323,46.4361534,410.52
6.9096503,46.4361153,410.28
6.9096093,46.4360733,409.88
6.9094868,46.4359093,409.30
6.9092994,46.4359283,408.76
6.9091406,46.4359627,408.38
6.9089680,46.4357796,406.32
6.9088001,46.4357147,404.27
6.9086590,46.4357834,403.03
6.9085851,46.4357262,401.93
6.9085836,46.4357262,401.85
6.9085803,46.4357262,401.80
6.9085007,46.4358063,401.41
6.9085393,46.4359436,399.75
6.9084606,46.4359703,397.07
6.9084702,46.4360886,395.05
6.9083877,46.4361725,394.22
6.9083009,46.4362679,392.01
6.9082680,46.4364014,392.57
6.9082060,46.4365005,393.16
6.9081402,46.4363670,389.83
6.9082508,46.4362907,388.71
6.9083338,46.4362755,384.68
6.9083705,46.4361916,381.68
6.9084315,46.4360924,380.07
6.9085007,46.4360046,378.45
6.9085989,46.4359131,377.34
6.9086905,46.4358139,376.08
6.9087424,46.4356956,374.50
6.9088998,46.4356270,373.29
6.9089656,46.4355278,371.79
6.9090590,46.4354706,371.10
6.9091306,46.4353752,370.01
6.9092131,46.4352684,369.50
6.9092798,46.4351807,369.13
6.9093480,46.4350510,368.70
6.9093699,46.4349480,369.02
6.9094429,46.4348412,368.63
6.9094939,46.4347420,368.48
6.9095693,46.4346657,368.27
6.9095869,46.4345589,367.85
6.9095778,46.4344482,368.63
6.9095421,46.4343834,369.66
6.9095602,46.4342690,370.20
6.9096637,46.4342003,370.26
6.9096570,46.4340935,369.98
6.9097314,46.4339752,369.46
6.9097099,46.4338150,368.11
6.9097056,46.4337196,366.09
6.9097047,46.4336319,365.92
6.9096737,46.4335403,364.09
6.9096565,46.4333992,361.55
6.9096518,46.4333076,359.51
6.9095445,46.4332008,357.34
6.9094882,46.4330864,355.22
6.9094558,46.4329948,353.83
6.9094501,46.4329224,353.18
6.9094706,46.4329300,352.36
6.9094720,46.4328690,353.52
6.9094152,46.4327545,354.30
6.9093790,46.4326782,354.23
6.9093242,46.4325676,354.89
6.9092765,46.4324722,354.44
6.9092064,46.4323578,355.22
6.9092016,46.4322472,357.06
6.9091325,46.4321327,360.04
6.9090805,46.4321632,360.55
6.9090662,46.4321747,360.30
6.9090652,46.4321747,360.14
6.9090824,46.4321709,360.37
6.9091296,46.4321594,364.78
6.9092121,46.4322281,371.84
6.9092135,46.4322205,375.60
6.9092078,46.4322166,378.71
6.9091811,46.4322052,380.66
6.9091077,46.4321632,377.45
6.9090991,46.4321594,375.06
6.9091616,46.4321899,374.81
6.9091554,46.4321899,374.98
6.9091544,46.4321899,374.97
6.9091406,46.4321823,374.66
6.9091244,46.4321785,373.34
6.9091187,46.4321785,371.58
6.9091339,46.4321289,369.37
6.9091206,46.4320679,368.95
6.9092007,46.4320107,368.28
6.9091659,46.4318962,369.38
6.9090919,46.4317818,371.41
6.9090648,46.4316902,372.65
6.9090061,46.4316101,373.52
6.9089527,46.4315491,374.10
6.9089637,46.4314384,373.38
6.9089890,46.4313622,369.98
6.9089799,46.4312897,366.73
6.9089394,46.4311523,363.51
6.9088783,46.4310036,360.32
6.9089241,46.4308853,357.38
6.9090204,46.4308090,354.79
6.9090419,46.4307365,353.19
6.9089508,46.4307137,352.45
6.9090447,46.4307518,353.44
6.9090834,46.4309044,357.69
6.9089541,46.4309158,361.91
6.9089823,46.4309998,365.17
6.9090624,46.4311142,368.55
6.9090390,46.4312057,371.56
6.9090381,46.4312935,373.06
6.9090829,46.4313545,375.03
6.9092088,46.4314919,377.66
6.9092345,46.4315948,379.38
6.9092665,46.4317169,380.16
6.9093575,46.4318085,381.66
6.9094267,46.4318466,382.82
6.9094982,46.4319038,382.52
6.9096346,46.4319382,383.86
6.9097705,46.4319572,383.10
6.9099221,46.4320374,382.73
6.9100752,46.4320297,382.68
6.9102621,46.4320335,383.48
6.9104166,46.4320755,387.27
6.9102950,46.4321327,391.99
6.9102721,46.4321251,393.03
6.9102774,46.4320946,393.16
6.9100823,46.4320564,394.61
6.9101243,46.4320526,395.66
6.9101195,46.4320564,395.73
6.9101062,46.4320717,395.84
6.9101119,46.4320984,396.25
6.9101181,46.4321098,396.34
6.9102378,46.4321556,396.41
6.9100237,46.4320984,396.46
6.9100728,46.4322472,396.13
6.9099789,46.4323883,395.94
6.9097672,46.4324265,395.70
6.9096651,46.4324951,395.74
6.9096370,46.4325600,396.13
6.9096417,46.4325676,396.58
6.9096451,46.4325714,396.55
6.9096370,46.4325867,396.47
6.9096756,46.4329071,396.13
6.9096832,46.4329605,396.45
6.9097877,46.4331017,396.34
6.9098725,46.4331360,393.55
6.9098821,46.4331398,393.64
6.9098687,46.4331589,393.61
6.9098597,46.4331627,393.61
6.9098511,46.4332199,393.60
6.9097385,46.4333267,393.59
6.9098225,46.4332771,393.52
6.9099021,46.4332161,393.41
6.9099379,46.4332123,393.40
6.9105120,46.4359436,400.16
6.9104395,46.4359360,393.20
6.9103670,46.4359093,390.41
6.9104543,46.4359589,390.20
6.9104905,46.4359741,390.28
6.9105024,46.4359665,390.12
6.9105091,46.4359627,389.91
6.9105196,46.4359550,389.66
6.9105282,46.4359512,389.40
6.9105258,46.4359512,389.16
6.9105215,46.4359512,389.05
6.9105215,46.4359512,389.04
6.9105215,46.4359512,389.03
6.9105225,46.4359512,389.00
6.9105215,46.4359512,388.88
6.9105296,46.4359512,388.77
6.9105339,46.4359474,388.83
6.9106178,46.4358864,389.09
6.9107676,46.4357643,389.47
6.9108415,46.4356918,391.46
6.9108243,46.4356880,391.70
6.9107699,46.4356728,391.08
6.9108796,46.4357338,391.13
6.9109721,46.4356384,391.10
6.9110470,46.4355583,390.92
6.9110494,46.4355812,390.75
6.9110780,46.4355545,390.69
6.9110899,46.4354286,391.84
6.9113116,46.4349670,392.45
6.9118056,46.4339828,392.51
6.9124489,46.4326057,392.73
6.9142342,46.4312401,391.68
6.9168830,46.4302368,393.24
6.9195309,46.4295692,394.15
6.9215779,46.4282150,394.24
6.9230614,46.4262047,394.40
6.9241734,46.4239464,395.07
6.9246387,46.4214211,395.91
6.9265456,46.4192886,396.62
6.9279547,46.4171371,395.27
6.9282765,46.4147491,393.86
6.9297161,46.4125900,393.19
6.9310241,46.4103127,391.80
6.9310493,46.4076881,390.13
6.9295263,46.4051895,388.63
6.9277658,46.4027443,385.55
6.9271321,46.4001007,384.24
6.9271808,46.3973732,384.30
6.9274969,46.3945961,384.48
6.9278874,46.3916359,383.96
6.9282866,46.3884583,384.55
6.9286914,46.3850784,387.02
6.9287581,46.3817139,388.63
6.9280167,46.3784180,390.70
6.9268174,46.3753014,391.87
6.9256978,46.3721771,392.97
6.9245572,46.3690109,396.32
6.9240241,46.3656769,399.51
6.9246383,46.3623695,400.36
6.9265561,46.3593407,399.75
6.9287081,46.3563194,400.91
6.9307728,46.3533707,399.98
6.9328723,46.3503723,397.67
6.9350381,46.3473320,396.64
6.9372149,46.3442955,395.43
6.9392557,46.3412933,393.23
6.9414611,46.3382835,391.84
6.9440522,46.3354530,395.18
6.9470124,46.3328552,397.79
6.9500785,46.3302765,400.48
6.9531407,46.3276443,402.80
6.9560428,46.3251495,404.88
6.9588108,46.3227386,406.78
6.9611168,46.3206520,409.85
6.9624829,46.3189240,413.81
6.9631791,46.3177185,416.31
6.9635310,46.3169479,415.13
6.9637251,46.3166809,414.83
6.9638777,46.3166847,414.59
6.9639139,46.3166885,414.52
6.9638615,46.3166618,415.22
6.9638686,46.3166351,414.16
6.9638453,46.3165970,412.79
6.9638524,46.3166084,408.84
6.9637651,46.3165817,407.85
6.9637089,46.3165817,410.69
6.9637499,46.3163681,417.16
6.9641490,46.3156509,422.59
6.9648418,46.3144417,425.23
6.9655957,46.3127747,429.08
6.9660530,46.3104820,422.67
6.9664168,46.3078613,418.64
6.9668698,46.3049240,413.07
6.9674110,46.3016663,407.74
6.9679570,46.2982864,402.45
6.9683766,46.2950821,390.72
6.9688230,46.2918205,378.41
6.9693828,46.2884865,372.14
6.9699831,46.2851105,369.56
6.9705834,46.2817917,371.54
6.9718060,46.2784538,372.49
6.9733062,46.2752609,384.02
6.9747720,46.2720490,398.92
6.9762392,46.2688255,405.74
6.9784493,46.2658653,408.74
6.9816780,46.2633629,413.77
6.9857421,46.2615089,414.27
6.9898410,46.2601013,414.47
6.9935269,46.2588539,411.21
6.9964485,46.2573929,414.52
6.9983835,46.2556114,420.34
6.9994311,46.2539177,421.70
7.0000405,46.2525978,428.34
7.0004544,46.2519379,432.63
7.0005531,46.2519073,442.28
7.0006089,46.2519531,444.02
7.0005145,46.2519188,444.40
7.0005112,46.2517662,445.12
7.0005717,46.2516289,445.34
7.0006285,46.2513161,445.42
7.0007019,46.2508240,445.30
7.0007915,46.2505913,445.05
7.0008187,46.2505836,444.91
7.0006309,46.2511635,445.26
7.0006285,46.2513924,445.15
7.0005789,46.2514763,444.47
7.0004992,46.2515640,443.59
7.0005541,46.2514687,432.18
7.0008903,46.2509308,422.67
7.0014520,46.2498665,422.67
7.0020137,46.2483139,426.07
7.0022759,46.2462311,425.92
7.0014567,46.2438316,423.64
7.0002880,46.2412834,419.57
6.9992681,46.2386017,415.83
6.9988909,46.2357979,412.22
6.9986920,46.2330933,413.30
6.9995580,46.2306824,417.77
7.0008125,46.2285995,425.20
7.0015011,46.2263794,431.23
7.0022039,46.2243004,436.51
7.0024586,46.2179604,396.36
7.0020714,46.2172890,434.23
7.0019617,46.2165985,436.27
7.0017767,46.2162857,436.54
7.0017409,46.2161598,436.73
7.0017638,46.2161484,436.30
7.0018263,46.2162666,436.45
7.0019598,46.2164345,436.57
7.0020261,46.2162857,436.83
7.0020866,46.2163429,436.91
7.0020494,46.2161522,436.91
7.0019431,46.2159538,436.98
7.0018439,46.2158661,436.96
7.0018907,46.2159119,436.82
7.0018778,46.2158279,436.88
7.0020742,46.2156029,437.02
7.0022249,46.2148895,438.47
7.0023675,46.2138252,440.49
7.0027637,46.2126007,439.63
7.0036030,46.2111397,435.42
7.0047307,46.2095757,427.13
7.0060792,46.2081490,420.71
7.0077157,46.2063026,418.03
7.0092349,46.2044868,415.34
7.0106907,46.2027206,411.93
7.0130000,46.2011261,412.68
7.0162797,46.2000275,415.72
7.0202241,46.1992111,424.59
7.0237498,46.1975365,435.52
7.0261164,46.1950531,444.26
7.0281363,46.1922493,446.28
7.0300798,46.1894684,447.77
7.0316319,46.1864243,443.10
7.0314322,46.1832581,438.51
7.0293775,46.1804199,442.40
7.0270295,46.1778297,449.66
7.0249376,46.1750793,458.27
7.0244470,46.1720581,464.50
7.0256796,46.1692886,474.39
7.0269756,46.1665421,482.30
7.0283260,46.1637154,485.36
7.0296574,46.1608696,489.10
7.0310616,46.1577950,494.77
7.0314760,46.1545563,500.00
7.0308671,46.1509514,498.35
7.0306449,46.1477509,502.67
7.0324030,46.1447945,509.66
7.0350041,46.1420479,510.15
7.0375977,46.1394768,511.59
7.0402827,46.1370468,508.25
7.0427828,46.1341629,499.03
7.0455174,46.1314812,495.98
7.0482559,46.1286621,494.30
7.0510426,46.1258202,493.74
7.0537972,46.1229897,489.84
7.0564542,46.1202087,489.14
7.0591693,46.1172180,472.05
7.0616612,46.1145325,472.09
7.0638943,46.1121902,477.43
7.0659914,46.1099739,480.76
7.0683870,46.1081200,484.02
7.0713701,46.1070099,481.53
7.0744762,46.1065559,481.17
7.0769911,46.1062202,483.52
7.0785656,46.1060905,485.91
7.0793428,46.1060867,484.53
7.0794859,46.1060905,480.53
7.0794678,46.1061058,480.44
7.0794578,46.1061096,480.22
7.0794392,46.1061172,480.18
7.0794263,46.1061287,480.09
7.0794225,46.1061325,479.92
7.0794263,46.1061249,479.80
7.0794349,46.1061211,479.63
7.0794477,46.1061134,479.44
7.0794578,46.1061096,479.33
7.0801301,46.1061287,479.34
7.0815911,46.1062813,479.65
7.0837131,46.1067581,474.51
7.0862551,46.1076851,467.26
7.0892601,46.1090851,462.55
7.0926838,46.1107712,457.66
7.0964518,46.1125755,450.68
7.1005235,46.1144485,446.50
7.1046968,46.1163788,448.81
7.1087847,46.1184044,454.91
7.1130123,46.1203690,460.16
7.1174536,46.1225243,463.84
7.1221528,46.1248207,461.90
7.1269398,46.1271629,459.74
7.1316705,46.1294060,458.55
7.1363053,46.1316605,457.88
7.1408753,46.1338654,457.68
7.1453896,46.1360397,458.97
7.1499372,46.1382446,462.02
7.1545968,46.1404572,465.91
7.1593080,46.1427193,465.45
7.1641469,46.1450195,464.10
7.1689215,46.1475182,461.41
7.1736460,46.1500206,460.71
7.1783261,46.1520882,468.13
7.1829467,46.1543427,476.74
7.1876121,46.1565132,483.70
7.1923194,46.1585884,482.89
7.1970916,46.1606979,473.65
7.2018704,46.1629639,468.80
7.2066851,46.1649208,466.69
7.2111149,46.1674957,461.98
7.2150154,46.1705017,467.53
7.2189131,46.1734009,475.36
7.2228112,46.1763840,478.26
7.2267375,46.1792183,481.52
7.2306681,46.1820450,486.16
7.2348065,46.1848602,488.87
7.2389278,46.1877022,490.73
7.2429614,46.1903343,490.62
7.2469096,46.1930199,489.37
7.2507148,46.1955948,486.66
7.2543116,46.1979828,485.81
7.2575541,46.2001724,482.44
7.2604675,46.2020683,476.88
7.2633634,46.2039948,474.42
7.2663007,46.2059669,472.95
7.2687201,46.2075310,477.36
7.2704983,46.2083702,480.39
7.2724056,46.2092209,484.45
7.2745409,46.2097435,488.03
7.2769728,46.2101593,490.75
7.2794886,46.2106323,488.45
7.2821193,46.2111549,484.56
7.2852077,46.2117996,485.83
7.2885108,46.2124519,486.48
7.2920346,46.2132912,483.73
7.2958789,46.2142296,482.49
7.2999601,46.2151337,483.70
7.3042192,46.2160492,485.95
7.3085165,46.2170029,487.55
7.3130379,46.2179565,487.59
7.3175964,46.2188721,488.59
7.3221521,46.2196846,491.57
7.3266439,46.2206383,495.13
7.3310704,46.2216034,500.45
7.3354201,46.2225342,502.33
7.3396959,46.2235069,501.11
7.3439598,46.2244377,496.35
7.3482056,46.2253075,496.66
7.3520346,46.2260895,497.35
7.3552265,46.2266617,495.56
7.3576369,46.2270813,494.89
7.3588724,46.2272797,492.21
7.3592696,46.2273560,490.05
7.3592820,46.2273674,490.07
7.3592973,46.2274475,493.09
7.3592615,46.2274742,494.89
7.3592496,46.2274666,493.67
7.3594270,46.2274590,492.77
7.3595672,46.2275391,492.66
7.3591156,46.2273293,493.84
7.3592501,46.2272949,500.52
7.3592153,46.2272835,497.24
7.3592210,46.2273293,499.77
7.3592167,46.2273521,501.74
7.3592720,46.2272682,501.73
7.3592849,46.2272491,500.09
7.3592529,46.2273521,502.71
7.3592277,46.2274323,507.16
7.3592348,46.2273560,505.30
7.3592277,46.2274017,499.84
7.3592329,46.2274323,497.41
7.3593168,46.2274323,497.00
7.3597188,46.2274590,497.23
7.3604650,46.2275314,500.75
7.3617225,46.2277145,507.07
7.3633809,46.2280807,511.46
7.3652654,46.2287064,515.09
7.3673134,46.2295837,518.84
7.3688359,46.2311707,516.94
7.3695898,46.2329636,514.80
7.3705158,46.2347221,508.49
7.3720555,46.2366295,509.55
7.3741221,46.2385635,512.42
7.3763967,46.2407074,509.70
7.3789115,46.2429276,509.84
7.3820639,46.2445717,509.39
7.3858757,46.2456894,514.61
7.3900666,46.2463493,521.41
7.3945498,46.2470436,524.53
7.3991838,46.2477646,527.91
7.4037638,46.2483101,534.00
7.4082346,46.2490501,543.48
7.4125838,46.2498245,542.16
7.4167628,46.2504921,539.66
7.4207597,46.2517776,533.67
7.4250360,46.2533264,523.22
7.4294481,46.2548103,517.00
7.4339395,46.2564011,514.28
7.4383903,46.2579193,514.50
7.4428043,46.2594299,515.44
7.4471784,46.2609901,513.14
7.4516015,46.2624359,511.41
7.4559526,46.2642975,509.16
7.4601994,46.2660866,508.98
7.4649334,46.2673149,518.42
7.4695735,46.2686119,533.27
7.4742680,46.2699089,544.80
7.4789405,46.2712631,544.97
7.4836287,46.2725449,547.36
7.4883823,46.2737503,548.55
7.4930320,46.2749863,552.02
7.4977264,46.2762718,549.02
7.5022664,46.2776566,545.08
7.5064292,46.2789497,535.36
7.5100389,46.2800446,532.14
7.5133605,46.2810402,530.98
7.5165911,46.2819633,527.67
7.5196781,46.2828789,520.59
7.5226235,46.2837982,519.41
7.5250344,46.2852478,520.47
7.5264363,46.2870941,521.08
7.5275216,46.2889061,525.69
7.5291109,46.2902489,531.13
7.5306664,46.2913589,536.88
7.5319934,46.2919044,547.42
7.5328288,46.2922783,552.45
7.5330148,46.2923164,557.72
7.5330243,46.2922859,559.83
7.5329952,46.2923126,557.95
7.5329819,46.2922478,555.81
7.5329003,46.2925110,562.03
7.5328894,46.2924156,567.47
7.5328603,46.2924118,567.83
7.5329623,46.2925262,568.31
7.5337925,46.2924843,571.05
7.5350647,46.2931175,571.50
7.5368013,46.2939529,566.88
7.5387330,46.2951698,565.72
7.5411029,46.2959747,565.59
7.5462761,46.2975044,588.05
7.5487432,46.2981644,565.03
7.5508885,46.2993660,565.56
7.5532064,46.3007927,562.14
7.5558414,46.3023338,565.02
7.5587201,46.3040504,573.50
7.5619469,46.3059349,578.47
7.5652895,46.3079071,580.84
7.5693889,46.3092232,585.08
7.5738602,46.3092041,591.30
7.5783811,46.3093719,596.48
7.5824089,46.3106880,599.84
7.5861974,46.3123779,602.30
7.6435556,46.3119698,605.06
7.6442132,46.3117485,609.70
7.6444678,46.3116493,609.70
7.6443982,46.3115845,609.19
7.6444464,46.3115463,608.77
7.6445456,46.3115082,607.83
7.6446424,46.3113976,608.58
7.6447196,46.3115501,609.98
7.6450424,46.3119431,610.30
7.6460152,46.3128815,611.38
7.6472144,46.3141861,613.31
7.6455979,46.3125153,612.39
7.6450315,46.3120422,615.75
7.6449733,46.3120651,616.06
7.6446176,46.3115654,616.41
7.6447649,46.3116074,612.48
7.6453958,46.3115158,662.77
7.6467247,46.3111534,658.25
7.6487231,46.3105011,650.23
7.6514273,46.3096809,644.69
7.6547785,46.3089371,639.61
7.6585326,46.3080063,634.36
7.6626592,46.3070374,627.78
7.6670899,46.3061142,621.28
7.6718912,46.3056221,616.31
7.6770396,46.3055534,618.25
7.6824584,46.3062897,623.16
7.6879144,46.3072586,625.09
7.6933870,46.3084641,631.67
7.6989737,46.3095016,638.47
7.7047215,46.3099556,645.02
7.7104363,46.3098030,650.92
7.7160902,46.3090897,656.78
7.7216930,46.3082886,659.70
7.7273207,46.3075142,660.16
7.7329221,46.3066292,656.61
7.7385950,46.3058472,652.23
7.7443352,46.3060913,652.73
7.7498312,46.3072929,648.45
7.7553468,46.3083572,649.70
7.7610373,46.3084373,659.20
7.7666483,46.3076820,665.59
7.7723103,46.3069153,666.06
7.7779627,46.3061867,660.98
7.7836461,46.3058281,656.25
7.7893224,46.3057938,649.95
7.7950597,46.3058243,648.27
7.8008575,46.3064461,650.17
7.8065791,46.3066521,652.73
7.8123116,46.3067703,657.27
7.8180628,46.3072014,657.50
7.8237672,46.3078003,658.27
7.8293581,46.3079491,649.63
7.8350644,46.3073692,641.11
7.8407259,46.3066216,629.67
7.8459582,46.3058395,623.44
7.8507299,46.3051147,620.41
7.8546720,46.3039818,619.31
7.8579702,46.3028183,619.39
7.8605556,46.3016777,618.20
7.8626251,46.3006096,616.17
7.8644695,46.2995300,614.92
7.8661904,46.2984734,612.39
7.8679333,46.2975082,608.86
7.8696017,46.2964973,605.58
7.8713593,46.2955589,605.31
7.8733683,46.2950249,618.06
7.8754325,46.2945900,622.64
7.8775148,46.2943230,626.53
7.8795896,46.2942200,637.06
7.8812709,46.2941284,644.63
7.8819537,46.2941360,650.95
7.8819675,46.2942696,656.66
7.8820062,46.2942848,662.86
7.8820186,46.2943077,665.95
7.8819690,46.2942696,665.55
7.8819470,46.2942657,665.48
7.8820291,46.2943001,666.63
7.8820176,46.2942657,667.70
7.8819823,46.2942123,668.14
7.8818521,46.2941284,667.88
7.8819075,46.2941208,667.91
7.8819356,46.2940788,667.39
7.8822169,46.2941132,659.34
7.8828106,46.2941170,656.56
7.8841491,46.2941055,654.58
7.8862600,46.2940674,650.81
7.8890667,46.2941895,647.69
7.8925118,46.2946014,646.75
7.8964629,46.2951584,643.30
7.9008102,46.2957039,642.20
7.9052763,46.2961273,638.78
7.9099016,46.2965431,637.92
7.9146762,46.2969284,643.22
7.9195914,46.2974510,647.69
7.9244714,46.2979202,646.72
7.9291291,46.2983894,645.22
7.9333596,46.2997246,645.70
7.9368577,46.3017731,649.08
7.9401674,46.3038559,654.30
7.9439840,46.3055077,657.78
7.9480219,46.3067284,665.69
7.9518080,46.3081398,670.44
7.9555058,46.3097382,674.22
7.9591613,46.3112335,674.92
7.9626670,46.3125038,676.31
7.9659739,46.3136940,677.69
7.9687657,46.3146400,680.52
7.9710340,46.3154259,681.42
7.9728942,46.3161087,683.09
7.9744821,46.3166695,687.80
7.9759007,46.3171539,694.97
7.9772992,46.3175240,701.53
7.9785767,46.3179359,705.69
7.9798326,46.3183861,697.34
7.9811101,46.3188553,689.95
7.9824109,46.3192406,688.25
7.9836249,46.3195763,683.91
7.9848428,46.3197708,681.92
7.9860420,46.3198547,680.28
7.9872770,46.3198814,681.75
7.9883132,46.3198051,679.28
7.9886379,46.3197517,678.00
7.9887795,46.3197746,679.70
7.9887428,46.3197746,679.08
7.9886689,46.3198128,679.83
7.9886346,46.3198509,680.50
7.9886909,46.3198318,679.69
7.9887209,46.3199425,725.48
7.9887486,46.3200073,701.67
7.9887447,46.3200073,701.36
7.9887342,46.3200150,701.20
7.9887142,46.3200264,701.02
7.9886932,46.3200417,700.92
7.9886827,46.3200455,700.88
7.9886847,46.3200455,700.83
7.9886770,46.3200493,700.81
7.9886780,46.3200531,700.78
7.9886756,46.3200569,700.73
7.9886708,46.3200607,700.61
7.9886627,46.3200722,700.56
7.9886651,46.3200722,700.53
7.9886789,46.3200645,700.48
7.9886723,46.3200684,700.42
7.9886785,46.3200645,700.36
7.9886808,46.3200607,700.33
7.9886780,46.3200645,700.31
7.9886727,46.3200684,700.28
7.9886599,46.3200722,700.19
7.9881759,46.3200760,696.22
7.9867764,46.3199806,691.23
7.9846821,46.3197708,682.81
7.9826369,46.3196754,681.66
7.9804783,46.3196220,688.22
7.9780297,46.3193626,694.39
7.9757690,46.3183937,698.95
7.9732575,46.3176231,705.27
7.9708033,46.3166084,711.28
7.9683509,46.3155060,712.58
7.9657502,46.3146286,713.03
7.9631324,46.3138275,716.80
7.9606967,46.3127785,719.89
7.9578838,46.3122902,724.63
7.9553723,46.3113098,734.38
7.9527884,46.3104820,742.67
7.9502759,46.3095703,748.17
7.9477139,46.3086128,755.08
7.9451075,46.3077240,763.22
7.9424858,46.3068390,770.84
7.9398341,46.3061295,775.42
7.9371037,46.3054466,777.75
7.9342890,46.3050194,780.94
7.9315925,46.3042488,784.13
7.9288745,46.3036575,786.56
7.9260087,46.3034592,790.41
7.9232702,46.3027878,792.22
7.9204073,46.3026199,795.66
7.9176512,46.3021011,800.55
7.9148293,46.3019524,802.98
7.9124436,46.3013420,806.50
7.9107213,46.3011436,807.88
7.9100909,46.3011246,804.39
